4
3
1
2
52
-1.044356710118583e+00 7.553430641908577e-01
-1.105251532779333e+00 1.197237059003887e+00
1.081164879346393e+00 4.842595585849592e-01
-2.404722246477355e-02 -4.506162747502427e-01
52
-1.044356710118578e+00 7.553430641908463e-01
-1.105251532779330e+00 1.197237059003895e+00
1.081164879346394e+00 4.842595585849414e-01
-2.404722246477337e-02 -4.506162747502498e-01
1.000000000000000e+00
0
2.285364331018698e-01
0.000000000000000e+00
10
1
0
0
52
-3.566399455376723e+00 -3.907190516364291e-01
9.649956483635671e-01 7.430189911320882e-01
-3.064980882515858e+00 8.607499848017089e-02
-1.757012474469953e+00 -5.351517751491667e-01
52
-3.566399455374400e+00 -3.907190516533343e-01
9.649956483698956e-01 7.430189911435067e-01
-3.064980882520811e+00 8.607499845499744e-02
-1.757012474472507e+00 -5.351517751595438e-01
1.000000000000000e+00
0
7.642222450568290e-01
0.000000000000000e+00
10
1
0
0
2
6
52
-1.767308351297776e+00 1.674377999822862e+00
-8.836541756488879e-01 8.371889999114307e-01
3.942403772901758e-01 1.656752838337619e+00
-2.209135439122220e-01 2.092972499778576e-01
52
-1.767308351297757e+00 1.674377999822799e+00
-8.836541756488971e-01 8.371889999113608e-01
3.942403772901804e-01 1.656752838337626e+00
-2.209135439122293e-01 2.092972499778260e-01
1.499336581064386e+01
0
6.669616499919553e-02
0.000000000000000e+00
10
1
0
0
52
-2.490480886371664e-01 -1.433698238727981e-01
-1.652237901303349e-01 4.183831101866353e-01
6.856048157070797e-01 1.604454984075612e-01
9.209767041746360e-02 -1.098342452985365e+00
52
-2.490480886371792e-01 -1.433698238728011e-01
-1.652237901303353e-01 4.183831101866497e-01
6.856048157070708e-01 1.604454984075483e-01
9.209767041745714e-02 -1.098342452985365e+00
8.288803340566759e+02
0
1.840490078176104e-05
0.000000000000000e+00
10
1
3
0
52
-5.940737558479117e-01 -1.273246734755664e-01
6.531099932174440e-01 -3.060766790434699e-01
-3.978063421156809e-01 7.582459816317908e-01
-1.681845365301655e-01 -1.002507222306951e+00
52
-5.940737558478018e-01 -1.273246734752619e-01
6.531099932172458e-01 -3.060766790435484e-01
-3.978063421153764e-01 7.582459816321190e-01
-1.681845365300290e-01 -1.002507222306803e+00
6.687988274499010e+01
0
8.130414554405531e-03
0.000000000000000e+00
10
1
3
0
52
-7.064015474471806e-01 -6.722365370355494e-01
4.995013244405723e-01 4.753430138991993e-01
-3.532007737235903e-01 -3.361182685177749e-01
-3.077155560968717e-01 -1.303417150390958e+00
52
-7.064015474471814e-01 -6.722365370355489e-01
4.995013244405604e-01 4.753430138992110e-01
-3.532007737235792e-01 -3.361182685177831e-01
-3.077155560968705e-01 -1.303417150390958e+00
1.882907615544973e+00
0
4.381382124200045e-02
0.000000000000000e+00
10
1
1
0
52
2.462702214728250e+00 -1.562434539395453e-01
1.741393436077475e+00 -1.104808057966604e-01
1.231351107364125e+00 -7.812172696977232e-02
1.366911898289189e+00 -1.782545151152142e+00
52
2.462702214733924e+00 -1.562434539374211e-01
1.741393436081067e+00 -1.104808057972821e-01
1.231351107366028e+00 -7.812172696884620e-02
1.366911898292397e+00 -1.782545151152460e+00
3.435434877713164e+00
0
2.592620253148158e-02
0.000000000000000e+00
10
1
2
0
52
-6.016972755721255e-01 3.649772093983823e+00
3.958900335329784e-01 2.489024851049495e+00
7.912214035455091e-01 1.524051333718206e+00
8.392878150475814e-01 8.151653603487371e-01
52
-6.016972755724753e-01 3.649772093983547e+00
3.958900335326835e-01 2.489024851049391e+00
7.912214035454136e-01 1.524051333718160e+00
8.392878150473480e-01 8.151653603486927e-01
1.488853139494455e+01
0
6.716579180801899e-02
0.000000000000000e+00
10
1
3
0
3
1
52
2.003728423103184e+01 -6.170096717903851e+00
1.001864211551592e+01 -3.085048358951926e+00
1.001864211551592e+01 -3.085048358951927e+00
1.001864211551593e+01 -3.085048358951926e+00
52
2.003728423107055e+01 -6.170096717771443e+00
1.001864211552107e+01 -3.085048358894131e+00
1.001864211553881e+01 -3.085048358885114e+00
1.001864211551562e+01 -3.085048358898078e+00
8.286130675082767e+00
0
3.532042226920361e-03
0.000000000000000e+00
10
1
0
0
-1

2
1 2
8176017126551270888055993347209885792541163406614918174136078423408813827136680587144127594314364958137811915284103832476085122378762605677833279260867012363631693461802904974520639460030134433291354241703320953976382779610412919184501153775128602377452036775076345539391513712948147780780222652104003165412259/100000000000000000000000000000000000000000000000000000000000000000000000000000000000000000000000000000000000000000000000000000000000000000000000000000000000000000000000000000000000000000000000000000000000000000000000000000000000000000000000000000000000000000000000000000000000000000000000000000000000000000000000 -1054529918448380167917832401708178416823055818437682252567113620044480843093414943230586473454799324218253598797578924115913234419406030781314892454883736266222931314819230299959421812587764401555681670289273067584640187660064053988370496073430623643207748243244037766144730373296057966922843991225117150845131/10000000000000000000000000000000000000000000000000000000000000000000000000000000000000000000000000000000000000000000000000000000000000000000000000000000000000000000000000000000000000000000000000000000000000000000000000000000000000000000000000000000000000000000000000000000000000000000000000000000000000000000000
-402452342075284455208870478576560272813057098487405495465712946094990139413591166948429727482022674640108739689509981921695712963542317073899683382027145923894508734944772825265682230878755989032057563968399147243371570752030204178589680613514232031388503018421987854966926375939547756263017071195312550583989/500000000000000000000000000000000000000000000000000000000000000000000000000000000000000000000000000000000000000000000000000000000000000000000000000000000000000000000000000000000000000000000000000000000000000000000000000000000000000000000000000000000000000000000000000000000000000000000000000000000000000000000 5782070479837473047793817816151131561535630655042076145986846332723620967868251953258159012696728312488249605608500184233744995242072194311526583661048888023418099804915443380574174923169927694651817429922774845653606351511947616778742058531599388900441883911657850656789599820732328541112426093692914113747641/10000000000000000000000000000000000000000000000000000000000000000000000000000000000000000000000000000000000000000000000000000000000000000000000000000000000000000000000000000000000000000000000000000000000000000000000000000000000000000000000000000000000000000000000000000000000000000000000000000000000000000000000

2
3
4
1 0
0 0
0 0
0 0

0 0
2 4
-991473228825144904185749284048177447587633811632192271707741679154854412200751206694110058505557570820722162185299762155672486823478193615193614481628950121898739856705626266443441490481270247645395289927794770390827618633760032667727878985282990801219401236962859395760416163876282300499415694695932500721593/2000000000000000000000000000000000000000000000000000000000000000000000000000000000000000000000000000000000000000000000000000000000000000000000000000000000000000000000000000000000000000000000000000000000000000000000000000000000000000000000000000000000000000000000000000000000000000000000000000000000000000000000 1584393682261514947557290740066499328824689907030446718062183391016147324269873458687523200699094844179707564343107249485531690197229117326720182389944030923274087891178474593913473090648767227769556647420448840830065787303922900995619835186292130259217857402165532211695667156245723454020810558919377422530951/10000000000000000000000000000000000000000000000000000000000000000000000000000000000000000000000000000000000000000000000000000000000000000000000000000000000000000000000000000000000000000000000000000000000000000000000000000000000000000000000000000000000000000000000000000000000000000000000000000000000000000000000
420465901529578621740384884230435011334133689208001767504468347326914003374786898486154250883104868723384202296224018032473905197227046243286463948216254511735502943628187437574682407852069537434949375467508895881258705242835991371818936407801952477281713407421628644532470203264977829348226133271429195975721/625000000000000000000000000000000000000000000000000000000000000000000000000000000000000000000000000000000000000000000000000000000000000000000000000000000000000000000000000000000000000000000000000000000000000000000000000000000000000000000000000000000000000000000000000000000000000000000000000000000000000000000 507102873988274676645003569801221451735915605992946818218221708697124722324316518383857185884016548162743358811388575987944735438629867704991271237053414911586611538463118956778217569269118912616223223247033386056087148791175000787060429622291532046509541248986179742382214879868301002018011130340720147067613/625000000000000000000000000000000000000000000000000000000000000000000000000000000000000000000000000000000000000000000000000000000000000000000000000000000000000000000000000000000000000000000000000000000000000000000000000000000000000000000000000000000000000000000000000000000000000000000000000000000000000000000
944587552453753635938044333274794370671421391895920452556661714659933413558314574030096569421165559559975995096864188120969916536341931252850740485227086545997426315858012735823598867861997986840202344197080297212091936146818471331489457566030358427774982207839697448001278576344800196477955850495701781142651/1000000000000000000000000000000000000000000000000000000000000000000000000000000000000000000000000000000000000000000000000000000000000000000000000000000000000000000000000000000000000000000000000000000000000000000000000000000000000000000000000000000000000000000000000000000000000000000000000000000000000000000000 202190597684213621071879589712983256966182563646027247625580856092860309485346000193544996091303236953640509643640761963636196910209425820330581373739131904370092925522780496575101615893103071562696240200952009791505594450756842767284482702152775362203292408421886605199324849869174879764527225590981520805507/12500000000000000000000000000000000000000000000000000000000000000000000000000000000000000000000000000000000000000000000000000000000000000000000000000000000000000000000000000000000000000000000000000000000000000000000000000000000000000000000000000000000000000000000000000000000000000000000000000000000000000000000
-3817796829862603303076874470546099298199466274640081190340817880650211403109254170539452613809866550037605452371877404402753275278633114268360981626090972161379793980302930008516344640487600077257686147880102478794743924432728300460725488861717549980803728102831304396366974732768923138607851966001250393565133/10000000000000000000000000000000000000000000000000000000000000000000000000000000000000000000000000000000000000000000000000000000000000000000000000000000000000000000000000000000000000000000000000000000000000000000000000000000000000000000000000000000000000000000000000000000000000000000000000000000000000000000000 1632743433046346591953720214767270392985634806809999710700979192929872281740424945077638411119022842315966412914202090133187106066777261284640914142753034046163970289287749045809227086403897756002867680919736331298233994565046996263014179776844577454987366899801545842572227898770437420306250725436829800926993/2500000000000000000000000000000000000000000000000000000000000000000000000000000000000000000000000000000000000000000000000000000000000000000000000000000000000000000000000000000000000000000000000000000000000000000000000000000000000000000000000000000000000000000000000000000000000000000000000000000000000000000000
6032659261841489061727624843685934206946856718419711788760084186554173585024135595051669050714496533508050160278611481614211746361665906371475599203232696573443758509086409580254125100221936030399398241368889398585194391940519814060617952118788965946021240589280041913445113874756445158282613027935358021288817/10000000000000000000000000000000000000000000000000000000000000000000000000000000000000000000000000000000000000000000000000000000000000000000000000000000000000000000000000000000000000000000000000000000000000000000000000000000000000000000000000000000000000000000000000000000000000000000000000000000000000000000000 8328889053390651473056563937475109426180364134218025732993576871809484050540152908467494658018528973890012504990751392963547734962070650594959216304108882080558110050675794919754843898042365473163992155064074701902710578423815638897068583705844036108579240578522222402464841909432897768005434122006282980316329/10000000000000000000000000000000000000000000000000000000000000000000000000000000000000000000000000000000000000000000000000000000000000000000000000000000000000000000000000000000000000000000000000000000000000000000000000000000000000000000000000000000000000000000000000000000000000000000000000000000000000000000000
54366556971832113713626257469525751064714739287517323882299412907219924238081908135344819755396777587668185102599065385356381623974330002582268221794873393565361778535768717720689274554793416279947958969349939930089900496101186669549864134685940365143569456361694842566887398361161871258270544911807787527179/500000000000000000000000000000000000000000000000000000000000000000000000000000000000000000000000000000000000000000000000000000000000000000000000000000000000000000000000000000000000000000000000000000000000000000000000000000000000000000000000000000000000000000000000000000000000000000000000000000000000000000000 -2192706537470551309416075950040059391585711350966927644429671778520783013310881057652669061244381905297076384047274441775026024870420909388234877316856426222618521910204812801518965391224324791478974014117398221384666801542225954993376349007848526394025370712151559748837674105939792062094725823654362908466539/2500000000000000000000000000000000000000000000000000000000000000000000000000000000000000000000000000000000000000000000000000000000000000000000000000000000000000000000000000000000000000000000000000000000000000000000000000000000000000000000000000000000000000000000000000000000000000000000000000000000000000000000
1095773586943429549693939445357603335505218554703734753537731122562188554917614350040122455268139757339874771599862721860654939671792171682622787582899782090105423110443592010331918183427068445515361298765440560350704346917193290711127038780225971089204446046075276431884485049210986988170833666793261598325521/50000000000000000000000000000000000000000000000000000000000000000000000000000000000000000000000000000000000000000000000000000000000000000000000000000000000000000000000000000000000000000000000000000000000000000000000000000000000000000000000000000000000000000000000000000000000000000000000000000000000000000000000 -4754979914028055414794845332206480493369390228174801162157507317950145544203803798085563716696522989867060378191957134673805794240140914168875188514137748145653229101602323205818286431244425953815975162142703015329874602381086438906178846397283682579000291721328198778788607103318015266314835906124990473207323/5000000000000000000000000000000000000000000000000000000000000000000000000000000000000000000000000000000000000000000000000000000000000000000000000000000000000000000000000000000000000000000000000000000000000000000000000000000000000000000000000000000000000000000000000000000000000000000000000000000000000000000000
-7167174910957083290225333903140091536681182299072044533228237630157633567075992334801298366328349771228257916702400676192027490952742510283915564865831127679686740677072446899365231072596072839397735999294070793955988149015794130954307938738314369661618670354770519046692095438519746149364907497857791665903757/10000000000000000000000000000000000000000000000000000000000000000000000000000000000000000000000000000000000000000000000000000000000000000000000000000000000000000000000000000000000000000000000000000000000000000000000000000000000000000000000000000000000000000000000000000000000000000000000000000000000000000000000 -955440923612043298768815045321648138775815372336860481965818085782872590453401172014635397563602599763558420061966394831067836274742228720396636412715957933755472807642587765974291037686795677876410539125883453939197871239353314266081154585127029586655240907092951438992843994924383006579427264363984588342427/2500000000000000000000000000000000000000000000000000000000000000000000000000000000000000000000000000000000000000000000000000000000000000000000000000000000000000000000000000000000000000000000000000000000000000000000000000000000000000000000000000000000000000000000000000000000000000000000000000000000000000000000

4
-2688543867643045529593250283366255721318325925408326485885156739873420283121483698065866722660051662276155848981107848744948226802704794619866063384063924312817292262334500446786582981299957446922833662324346195820843158736788314208293107928431107124151691420685326834904723103395445133257751390291959364961457/10000000000000000000000000000000000000000000000000000000000000000000000000000000000000000000000000000000000000000000000000000000000000000000000000000000000000000000000000000000000000000000000000000000000000000000000000000000000000000000000000000000000000000000000000000000000000000000000000000000000000000000000 320634061621301333734210431824630157180076947925956663679264710713968121268072989543082970983130709364075052197675256276915959408177436863528443607096501092463188366437707868924711370515325616334404591669904718491806630151187028533099620087385562429701850388367393378984841235840007682896394640997306848941007/1250000000000000000000000000000000000000000000000000000000000000000000000000000000000000000000000000000000000000000000000000000000000000000000000000000000000000000000000000000000000000000000000000000000000000000000000000000000000000000000000000000000000000000000000000000000000000000000000000000000000000000000
1737246610257283316563000925499956234621608713776346655582023517868796631809384885693394622647639302679136746923003069692608458648197660322375775736591649034044777735348752343287813185752407416128793450323617335877766263541445133550752877943354795489963569777715114242031005889627656075048541941809709104796759/5000000000000000000000000000000000000000000000000000000000000000000000000000000000000000000000000000000000000000000000000000000000000000000000000000000000000000000000000000000000000000000000000000000000000000000000000000000000000000000000000000000000000000000000000000000000000000000000000000000000000000000000 -3882947172491176315304358468227270526292610164724201985656655258922861276734688360716413526198203217557135806278468429983742625738839400505982483412596511967808779644109412782353867709434500102858138787183699030884106818277251840731567504021337096518948396100193352365112131918724411164964619523372330568050761/10000000000000000000000000000000000000000000000000000000000000000000000000000000000000000000000000000000000000000000000000000000000000000000000000000000000000000000000000000000000000000000000000000000000000000000000000000000000000000000000000000000000000000000000000000000000000000000000000000000000000000000000
3540188568403726334204074868421534042106814264712784252929942119259157623397577429927412695068917997327199600864371736041398052093098600444592608039452880609361586320320664115932070368361816935148470451740783208610187907407218174455513523428953513982253113085231484430471515560827217848274822106721832749036821/10000000000000000000000000000000000000000000000000000000000000000000000000000000000000000000000000000000000000000000000000000000000000000000000000000000000000000000000000000000000000000000000000000000000000000000000000000000000000000000000000000000000000000000000000000000000000000000000000000000000000000000000 -5253757251333684316647061373834600033919054978692676772009326377353567394453309222291233384357141003237172489764448600579893787976929601999563835599439401133267826157108038234304568985885547011550036549225759060251850333918203694976258074483601015755127907197597933085857897637713199821783407899746841462543853/10000000000000000000000000000000000000000000000000000000000000000000000000000000000000000000000000000000000000000000000000000000000000000000000000000000000000000000000000000000000000000000000000000000000000000000000000000000000000000000000000000000000000000000000000000000000000000000000000000000000000000000000
-1451805253094361790516686349094931106814195986686248319680282704790597321870539541690824888435596586091645752960227395974878529897171223769336313618825538516166416312435760504442983737706681845438086217258082767390918652731230717479360267288963477453390217828616897529511515995061048506913975022359391458150367/20000000000000000000000000000000000000000000000000000000000000000000000000000000000000000000000000000000000000000000000000000000000000000000000000000000000000000000000000000000000000000000000000000000000000000000000000000000000000000000000000000000000000000000000000000000000000000000000000000000000000000000000 1071824324305901574842910596162681646404704121412328885398838623595694036252572162490920195204048079508826097619913838559765929560570965920666152441304213744079057519947666717898108897372351512367948586648720902057819279037324620517659736359354121386576665133332440414729589442649629674108550456747898845640233/2500000000000000000000000000000000000000000000000000000000000000000000000000000000000000000000000000000000000000000000000000000000000000000000000000000000000000000000000000000000000000000000000000000000000000000000000000000000000000000000000000000000000000000000000000000000000000000000000000000000000000000000

2 1
-229427217160203374649842038424840042586420714507438440822874753515229811168732052313029801003349083378162840303377349504491536816849201139101135809329651618134143308223093087954549323308643239268312045187967243816179905625290750123661393635033388029771940268712262152438236370085607266638630068960825422433057/2000000000000000000000000000000000000000000000000000000000000000000000000000000000000000000000000000000000000000000000000000000000000000000000000000000000000000000000000000000000000000000000000000000000000000000000000000000000000000000000000000000000000000000000000000000000000000000000000000000000000000000000 54705590173074309828309515749024355006623730462228409550920712380313008238257641365021636605584540713427624999814804260478248431709360203251674499031659574431261743518307100854900191250826361983422541236471172810347337887460165518587440804139858425027050794525188050340803785201914166711695023640925879786337/200000000000000000000000000000000000000000000000000000000000000000000000000000000000000000000000000000000000000000000000000000000000000000000000000000000000000000000000000000000000000000000000000000000000000000000000000000000000000000000000000000000000000000000000000000000000000000000000000000000000000000000
-2477683636106881196733698374899969577756463476431989137054997495437586716622160314669852019662328301733723209346877042724183302150965279393483704224234629091280001545837715703082185972283964586536538698461562328125869138823818594464928237398969697226801600424044925305058616789359501949592892597019127386879743/5000000000000000000000000000000000000000000000000000000000000000000000000000000000000000000000000000000000000000000000000000000000000000000000000000000000000000000000000000000000000000000000000000000000000000000000000000000000000000000000000000000000000000000000000000000000000000000000000000000000000000000000 2040935141174030340437907773625022125553875041497766495855419689550330690690634038254641198759293286225269047291091159908260973719792229724660380704278359853521398830074714292062345400742826139726620619550342042986146637475725211764097011979448876285630868958796264393691616353366443687423581136340136921730921/2500000000000000000000000000000000000000000000000000000000000000000000000000000000000000000000000000000000000000000000000000000000000000000000000000000000000000000000000000000000000000000000000000000000000000000000000000000000000000000000000000000000000000000000000000000000000000000000000000000000000000000000

3
1
4
1 0
0 0
0 0
0 0

0 0
1 4
6032659261841489061727624843685934206946856718419711788760084186554173585024135595051669050714496533508050160278611481614211746361665906371475599203232696573443758509086409580254125100221936030399398241368889398585194391940519814060617952118788965946021240589280041913445113874756445158282613027935358021288817/10000000000000000000000000000000000000000000000000000000000000000000000000000000000000000000000000000000000000000000000000000000000000000000000000000000000000000000000000000000000000000000000000000000000000000000000000000000000000000000000000000000000000000000000000000000000000000000000000000000000000000000000 8328889053390651473056563937475109426180364134218025732993576871809484050540152908467494658018528973890012504990751392963547734962070650594959216304108882080558110050675794919754843898042365473163992155064074701902710578423815638897068583705844036108579240578522222402464841909432897768005434122006282980316329/10000000000000000000000000000000000000000000000000000000000000000000000000000000000000000000000000000000000000000000000000000000000000000000000000000000000000000000000000000000000000000000000000000000000000000000000000000000000000000000000000000000000000000000000000000000000000000000000000000000000000000000000
54366556971832113713626257469525751064714739287517323882299412907219924238081908135344819755396777587668185102599065385356381623974330002582268221794873393565361778535768717720689274554793416279947958969349939930089900496101186669549864134685940365143569456361694842566887398361161871258270544911807787527179/500000000000000000000000000000000000000000000000000000000000000000000000000000000000000000000000000000000000000000000000000000000000000000000000000000000000000000000000000000000000000000000000000000000000000000000000000000000000000000000000000000000000000000000000000000000000000000000000000000000000000000000 -2192706537470551309416075950040059391585711350966927644429671778520783013310881057652669061244381905297076384047274441775026024870420909388234877316856426222618521910204812801518965391224324791478974014117398221384666801542225954993376349007848526394025370712151559748837674105939792062094725823654362908466539/2500000000000000000000000000000000000000000000000000000000000000000000000000000000000000000000000000000000000000000000000000000000000000000000000000000000000000000000000000000000000000000000000000000000000000000000000000000000000000000000000000000000000000000000000000000000000000000000000000000000000000000000
1095773586943429549693939445357603335505218554703734753537731122562188554917614350040122455268139757339874771599862721860654939671792171682622787582899782090105423110443592010331918183427068445515361298765440560350704346917193290711127038780225971089204446046075276431884485049210986988170833666793261598325521/50000000000000000000000000000000000000000000000000000000000000000000000000000000000000000000000000000000000000000000000000000000000000000000000000000000000000000000000000000000000000000000000000000000000000000000000000000000000000000000000000000000000000000000000000000000000000000000000000000000000000000000000 -4754979914028055414794845332206480493369390228174801162157507317950145544203803798085563716696522989867060378191957134673805794240140914168875188514137748145653229101602323205818286431244425953815975162142703015329874602381086438906178846397283682579000291721328198778788607103318015266314835906124990473207323/5000000000000000000000000000000000000000000000000000000000000000000000000000000000000000000000000000000000000000000000000000000000000000000000000000000000000000000000000000000000000000000000000000000000000000000000000000000000000000000000000000000000000000000000000000000000000000000000000000000000000000000000
-7167174910957083290225333903140091536681182299072044533228237630157633567075992334801298366328349771228257916702400676192027490952742510283915564865831127679686740677072446899365231072596072839397735999294070793955988149015794130954307938738314369661618670354770519046692095438519746149364907497857791665903757/10000000000000000000000000000000000000000000000000000000000000000000000000000000000000000000000000000000000000000000000000000000000000000000000000000000000000000000000000000000000000000000000000000000000000000000000000000000000000000000000000000000000000000000000000000000000000000000000000000000000000000000000 -955440923612043298768815045321648138775815372336860481965818085782872590453401172014635397563602599763558420061966394831067836274742228720396636412715957933755472807642587765974291037686795677876410539125883453939197871239353314266081154585127029586655240907092951438992843994924383006579427264363984588342427/2500000000000000000000000000000000000000000000000000000000000000000000000000000000000000000000000000000000000000000000000000000000000000000000000000000000000000000000000000000000000000000000000000000000000000000000000000000000000000000000000000000000000000000000000000000000000000000000000000000000000000000000

4
-2688543867643045529593250283366255721318325925408326485885156739873420283121483698065866722660051662276155848981107848744948226802704794619866063384063924312817292262334500446786582981299957446922833662324346195820843158736788314208293107928431107124151691420685326834904723103395445133257751390291959364961457/10000000000000000000000000000000000000000000000000000000000000000000000000000000000000000000000000000000000000000000000000000000000000000000000000000000000000000000000000000000000000000000000000000000000000000000000000000000000000000000000000000000000000000000000000000000000000000000000000000000000000000000000 320634061621301333734210431824630157180076947925956663679264710713968121268072989543082970983130709364075052197675256276915959408177436863528443607096501092463188366437707868924711370515325616334404591669904718491806630151187028533099620087385562429701850388367393378984841235840007682896394640997306848941007/1250000000000000000000000000000000000000000000000000000000000000000000000000000000000000000000000000000000000000000000000000000000000000000000000000000000000000000000000000000000000000000000000000000000000000000000000000000000000000000000000000000000000000000000000000000000000000000000000000000000000000000000
1737246610257283316563000925499956234621608713776346655582023517868796631809384885693394622647639302679136746923003069692608458648197660322375775736591649034044777735348752343287813185752407416128793450323617335877766263541445133550752877943354795489963569777715114242031005889627656075048541941809709104796759/5000000000000000000000000000000000000000000000000000000000000000000000000000000000000000000000000000000000000000000000000000000000000000000000000000000000000000000000000000000000000000000000000000000000000000000000000000000000000000000000000000000000000000000000000000000000000000000000000000000000000000000000 -3882947172491176315304358468227270526292610164724201985656655258922861276734688360716413526198203217557135806278468429983742625738839400505982483412596511967808779644109412782353867709434500102858138787183699030884106818277251840731567504021337096518948396100193352365112131918724411164964619523372330568050761/10000000000000000000000000000000000000000000000000000000000000000000000000000000000000000000000000000000000000000000000000000000000000000000000000000000000000000000000000000000000000000000000000000000000000000000000000000000000000000000000000000000000000000000000000000000000000000000000000000000000000000000000
3540188568403726334204074868421534042106814264712784252929942119259157623397577429927412695068917997327199600864371736041398052093098600444592608039452880609361586320320664115932070368361816935148470451740783208610187907407218174455513523428953513982253113085231484430471515560827217848274822106721832749036821/10000000000000000000000000000000000000000000000000000000000000000000000000000000000000000000000000000000000000000000000000000000000000000000000000000000000000000000000000000000000000000000000000000000000000000000000000000000000000000000000000000000000000000000000000000000000000000000000000000000000000000000000 -5253757251333684316647061373834600033919054978692676772009326377353567394453309222291233384357141003237172489764448600579893787976929601999563835599439401133267826157108038234304568985885547011550036549225759060251850333918203694976258074483601015755127907197597933085857897637713199821783407899746841462543853/10000000000000000000000000000000000000000000000000000000000000000000000000000000000000000000000000000000000000000000000000000000000000000000000000000000000000000000000000000000000000000000000000000000000000000000000000000000000000000000000000000000000000000000000000000000000000000000000000000000000000000000000
-1451805253094361790516686349094931106814195986686248319680282704790597321870539541690824888435596586091645752960227395974878529897171223769336313618825538516166416312435760504442983737706681845438086217258082767390918652731230717479360267288963477453390217828616897529511515995061048506913975022359391458150367/20000000000000000000000000000000000000000000000000000000000000000000000000000000000000000000000000000000000000000000000000000000000000000000000000000000000000000000000000000000000000000000000000000000000000000000000000000000000000000000000000000000000000000000000000000000000000000000000000000000000000000000000 1071824324305901574842910596162681646404704121412328885398838623595694036252572162490920195204048079508826097619913838559765929560570965920666152441304213744079057519947666717898108897372351512367948586648720902057819279037324620517659736359354121386576665133332440414729589442649629674108550456747898845640233/2500000000000000000000000000000000000000000000000000000000000000000000000000000000000000000000000000000000000000000000000000000000000000000000000000000000000000000000000000000000000000000000000000000000000000000000000000000000000000000000000000000000000000000000000000000000000000000000000000000000000000000000

3 0

4
1 0
0 0
0 0
0 0

0 0
0 4

4
-2688543867643045529593250283366255721318325925408326485885156739873420283121483698065866722660051662276155848981107848744948226802704794619866063384063924312817292262334500446786582981299957446922833662324346195820843158736788314208293107928431107124151691420685326834904723103395445133257751390291959364961457/10000000000000000000000000000000000000000000000000000000000000000000000000000000000000000000000000000000000000000000000000000000000000000000000000000000000000000000000000000000000000000000000000000000000000000000000000000000000000000000000000000000000000000000000000000000000000000000000000000000000000000000000 320634061621301333734210431824630157180076947925956663679264710713968121268072989543082970983130709364075052197675256276915959408177436863528443607096501092463188366437707868924711370515325616334404591669904718491806630151187028533099620087385562429701850388367393378984841235840007682896394640997306848941007/1250000000000000000000000000000000000000000000000000000000000000000000000000000000000000000000000000000000000000000000000000000000000000000000000000000000000000000000000000000000000000000000000000000000000000000000000000000000000000000000000000000000000000000000000000000000000000000000000000000000000000000000
1737246610257283316563000925499956234621608713776346655582023517868796631809384885693394622647639302679136746923003069692608458648197660322375775736591649034044777735348752343287813185752407416128793450323617335877766263541445133550752877943354795489963569777715114242031005889627656075048541941809709104796759/5000000000000000000000000000000000000000000000000000000000000000000000000000000000000000000000000000000000000000000000000000000000000000000000000000000000000000000000000000000000000000000000000000000000000000000000000000000000000000000000000000000000000000000000000000000000000000000000000000000000000000000000 -3882947172491176315304358468227270526292610164724201985656655258922861276734688360716413526198203217557135806278468429983742625738839400505982483412596511967808779644109412782353867709434500102858138787183699030884106818277251840731567504021337096518948396100193352365112131918724411164964619523372330568050761/10000000000000000000000000000000000000000000000000000000000000000000000000000000000000000000000000000000000000000000000000000000000000000000000000000000000000000000000000000000000000000000000000000000000000000000000000000000000000000000000000000000000000000000000000000000000000000000000000000000000000000000000
3540188568403726334204074868421534042106814264712784252929942119259157623397577429927412695068917997327199600864371736041398052093098600444592608039452880609361586320320664115932070368361816935148470451740783208610187907407218174455513523428953513982253113085231484430471515560827217848274822106721832749036821/10000000000000000000000000000000000000000000000000000000000000000000000000000000000000000000000000000000000000000000000000000000000000000000000000000000000000000000000000000000000000000000000000000000000000000000000000000000000000000000000000000000000000000000000000000000000000000000000000000000000000000000000 -5253757251333684316647061373834600033919054978692676772009326377353567394453309222291233384357141003237172489764448600579893787976929601999563835599439401133267826157108038234304568985885547011550036549225759060251850333918203694976258074483601015755127907197597933085857897637713199821783407899746841462543853/10000000000000000000000000000000000000000000000000000000000000000000000000000000000000000000000000000000000000000000000000000000000000000000000000000000000000000000000000000000000000000000000000000000000000000000000000000000000000000000000000000000000000000000000000000000000000000000000000000000000000000000000
-1451805253094361790516686349094931106814195986686248319680282704790597321870539541690824888435596586091645752960227395974878529897171223769336313618825538516166416312435760504442983737706681845438086217258082767390918652731230717479360267288963477453390217828616897529511515995061048506913975022359391458150367/20000000000000000000000000000000000000000000000000000000000000000000000000000000000000000000000000000000000000000000000000000000000000000000000000000000000000000000000000000000000000000000000000000000000000000000000000000000000000000000000000000000000000000000000000000000000000000000000000000000000000000000000 1071824324305901574842910596162681646404704121412328885398838623595694036252572162490920195204048079508826097619913838559765929560570965920666152441304213744079057519947666717898108897372351512367948586648720902057819279037324620517659736359354121386576665133332440414729589442649629674108550456747898845640233/2500000000000000000000000000000000000000000000000000000000000000000000000000000000000000000000000000000000000000000000000000000000000000000000000000000000000000000000000000000000000000000000000000000000000000000000000000000000000000000000000000000000000000000000000000000000000000000000000000000000000000000000

