4
3
1
2
52
-4.165009757666284e-01 -2.138990404745830e-01
-1.305803966146031e-01 7.743539279112738e-01
-4.502311742423860e-01 -3.244958249859028e-01
7.848823716445810e-01 5.619500115331572e-02
52
-4.165009757672841e-01 -2.138990404744850e-01
-1.305803966141557e-01 7.743539279112376e-01
-4.502311742423171e-01 -3.244958249861792e-01
7.848823716447436e-01 5.619500115347961e-02
1.000000000000000e+00
0
1.000000000000000e+00
0.000000000000000e+00
10
1
0
0
52
1.374253658445499e+00 -1.948493722268287e+00
-1.420032406138916e+00 1.863828630445271e+00
-5.563559653360041e-02 6.715627687839389e-01
-7.136286416899307e-02 -8.877479570560402e-02
52
1.374253658445560e+00 -1.948493722268254e+00
-1.420032406138956e+00 1.863828630445246e+00
-5.563559653362362e-02 6.715627687839578e-01
-7.136286416899629e-02 -8.877479570562787e-02
1.000000000000000e+00
0
7.166917675883015e-03
0.000000000000000e+00
10
1
0
0
2
6
52
3.595431814383908e-01 3.639961735282177e-02
-2.185072882708880e-01 4.966424209152424e-01
-6.081054527361827e-01 -5.420911354776815e-01
1.055858409714288e+00 -6.174305445426471e-01
52
3.595431814384470e-01 3.639961735282030e-02
-2.185072882709114e-01 4.966424209152991e-01
-6.081054527361226e-01 -5.420911354776545e-01
1.055858409714337e+00 -6.174305445426167e-01
1.958622282725154e+02
0
3.038326680820160e-03
0.000000000000000e+00
10
1
3
0
52
-8.483591453612592e-01 4.650277351973546e-02
-4.241795726806297e-01 2.325138675986799e-02
-1.333862405093112e+00 -1.001879638613053e-01
-1.060448931701573e-01 5.812846689966917e-03
52
-8.483591453611879e-01 4.650277351974395e-02
-4.241795726806516e-01 2.325138675981585e-02
-1.333862405093165e+00 -1.001879638613211e-01
-1.060448931701779e-01 5.812846689882693e-03
4.003320399722942e+00
0
2.497926471409101e-01
0.000000000000000e+00
10
1
0
0
52
-8.925490700859078e-01 9.290362784965696e-01
-6.311274999994927e-01 6.569278524932384e-01
-4.462745350429541e-01 4.645181392482848e-01
8.387198228015667e-01 1.260908544388964e+00
52
-8.925490700856599e-01 9.290362784972194e-01
-6.311274999992030e-01 6.569278524929320e-01
-4.462745350429479e-01 4.645181392478648e-01
8.387198228022311e-01 1.260908544388568e+00
5.636936442751204e+00
0
1.774013260848357e-01
0.000000000000000e+00
10
1
1
0
52
-1.245086231569584e+00 1.031482354196359e-01
-1.231733807235332e+00 6.021588149925934e-01
-1.019010786392701e+00 1.106983227398475e+00
-6.001468171315142e-01 1.538215473826172e+00
52
-1.245086231569556e+00 1.031482354196513e-01
-1.231733807235284e+00 6.021588149926069e-01
-1.019010786392663e+00 1.106983227398422e+00
-6.001468171314320e-01 1.538215473826134e+00
8.822928235862687e+00
0
1.133410556299535e-01
0.000000000000000e+00
10
1
3
0
52
-5.524564600894937e-01 -1.740122804992797e+00
3.906457092395960e-01 1.230452635507763e+00
-2.762282300447471e-01 -8.700614024963984e-01
4.210741400831133e-01 -5.533764549725979e-01
52
-5.524564600894883e-01 -1.740122804992796e+00
3.906457092395980e-01 1.230452635507763e+00
-2.762282300447449e-01 -8.700614024964021e-01
4.210741400831184e-01 -5.533764549726027e-01
1.080695874479922e+01
0
3.522452002373234e-03
0.000000000000000e+00
10
1
2
0
52
-2.360619705008273e+00 -1.902985624326601e+00
9.005359926716504e-01 1.344219739960617e+00
-2.453927072164989e-01 -8.277731976460355e-01
-6.388883125285641e-03 4.606668451372020e-01
52
-2.360619705008676e+00 -1.902985624326444e+00
9.005359926718094e-01 1.344219739960465e+00
-2.453927072166057e-01 -8.277731976461135e-01
-6.388883125326475e-03 4.606668451373141e-01
7.159111425954232e+00
0
2.799833741747225e-02
0.000000000000000e+00
10
1
3
0
3
1
52
-2.049866059980636e+00 -1.101928303974258e+00
-1.024933029990318e+00 -5.509641519871289e-01
-1.024933029990318e+00 -5.509641519871289e-01
-1.024933029990318e+00 -5.509641519871289e-01
52
-2.049866059980697e+00 -1.101928303974074e+00
-1.024933029990420e+00 -5.509641519870268e-01
-1.024933029990337e+00 -5.509641519870522e-01
-1.024933029990343e+00 -5.509641519869261e-01
1.704852214240175e+01
0
5.743645722434677e-02
0.000000000000000e+00
10
1
0
0
-1

2
1 2
4005860985059722237412535566553510149647810991974578657023417121694627392922797905716473879137242472602585897461806570594201781500926581939517938204258367071743052386707736033531246051899441711380932177191262450889902966024736791419703474965682227806319826227868920461951969539444238217468291618335810426167043/5000000000000000000000000000000000000000000000000000000000000000000000000000000000000000000000000000000000000000000000000000000000000000000000000000000000000000000000000000000000000000000000000000000000000000000000000000000000000000000000000000000000000000000000000000000000000000000000000000000000000000000000 -63410961746407501169766964926471846793310568192832376653401631604912293181754613310981544187326489843250407072637620327188343761005170262565186895413945553627314689913733918252988397800148309059877534017353761609136632348604936879286609495486754623121276654188091511733537937960944152638708897060816850794883/5000000000000000000000000000000000000000000000000000000000000000000000000000000000000000000000000000000000000000000000000000000000000000000000000000000000000000000000000000000000000000000000000000000000000000000000000000000000000000000000000000000000000000000000000000000000000000000000000000000000000000000000
-1781404435225533174487857240735090819425422760215312038506052551531421259524491270155335404741604191306376719854839925408307037025466894939400868902983014933758172462786632207511854720342590108102162449807170603504322240885478626566632279846318375834557136933636002307757077100563834541018026249893535439159597/5000000000000000000000000000000000000000000000000000000000000000000000000000000000000000000000000000000000000000000000000000000000000000000000000000000000000000000000000000000000000000000000000000000000000000000000000000000000000000000000000000000000000000000000000000000000000000000000000000000000000000000000 1201629628511375654650624792158504790002158083798340927261226084052672301744376543323007231174075361075091223357962326152728873969031161746245274610137718129374628727452609466680349674883293213516482872845225262688859281383163578733895439965802276942600941995793773417185725371200069758895391986597369017679923/2500000000000000000000000000000000000000000000000000000000000000000000000000000000000000000000000000000000000000000000000000000000000000000000000000000000000000000000000000000000000000000000000000000000000000000000000000000000000000000000000000000000000000000000000000000000000000000000000000000000000000000000

2
3
4
1 0
0 0
0 0
0 0

0 0
2 4
-9506536696429773670105755696021683379185253709406682850851315298229754705029432376201850733668837093576878071059554564719318944657469450874835208432044082103724644302634860439077840553443433030654698519988217422274296634570334808480133294549358129736507056759830152028726499078462440389775864283964212758667363/10000000000000000000000000000000000000000000000000000000000000000000000000000000000000000000000000000000000000000000000000000000000000000000000000000000000000000000000000000000000000000000000000000000000000000000000000000000000000000000000000000000000000000000000000000000000000000000000000000000000000000000000 -4365181573048138685193991875947331322928750083895357983127473725270662518031808455205845896287047354520903006764652246859275420683755902799327443005783035034617544036411344318474292627471767295596729989812522901236440721648878862980694110776197356741027860244635689536472921836174757998901582457133800354800519/10000000000000000000000000000000000000000000000000000000000000000000000000000000000000000000000000000000000000000000000000000000000000000000000000000000000000000000000000000000000000000000000000000000000000000000000000000000000000000000000000000000000000000000000000000000000000000000000000000000000000000000000
-3771030697854156065698321913488422396318902279143020824678260024855638502432735660801434883693469783352587010657791294731383667675165462261834973417129958540811713276830153382590917960399950277791793952997577296708755171779000246356847943238101351533572620934503026580132320973614397470881341749593553962217193/5000000000000000000000000000000000000000000000000000000000000000000000000000000000000000000000000000000000000000000000000000000000000000000000000000000000000000000000000000000000000000000000000000000000000000000000000000000000000000000000000000000000000000000000000000000000000000000000000000000000000000000000 -3146738914124141420512286770618179809100179795519259045616348267502693302988212689171200085068739166654767320980590512932685010880688324230800555015230475653777160553944330478120486683290457237078935109611471192681368777742395845379556322665928870666923117474842117639761694119563579604713862101088107568856647/10000000000000000000000000000000000000000000000000000000000000000000000000000000000000000000000000000000000000000000000000000000000000000000000000000000000000000000000000000000000000000000000000000000000000000000000000000000000000000000000000000000000000000000000000000000000000000000000000000000000000000000000
-1639409870378159786187758994714841199146570886614244577842295345138277418171698116511246248177634886982702468588840710967709947616622709502647614039934120191417276798139598770491975394993623276018628021245363291651756342663157671953198699713184762900233528479462631299745471107840950226341296375902376486882423/2500000000000000000000000000000000000000000000000000000000000000000000000000000000000000000000000000000000000000000000000000000000000000000000000000000000000000000000000000000000000000000000000000000000000000000000000000000000000000000000000000000000000000000000000000000000000000000000000000000000000000000000 -6357148169429726901104865904292573026126579109556256003568568397436405704452257504778398116672375793477809232254331135838524646672628805017181404794543454612531611656595212746178743714799156575774537257279469050190046323342987196614060808339238383296215486236833414040030927577428394241381419689701475347523523/10000000000000000000000000000000000000000000000000000000000000000000000000000000000000000000000000000000000000000000000000000000000000000000000000000000000000000000000000000000000000000000000000000000000000000000000000000000000000000000000000000000000000000000000000000000000000000000000000000000000000000000000
-9609774199651633899119320408925689274476082464398826886932208433436485901909771501285964912242404130183633891690467583191228493364683150648839621112747323726210878799617802257847764030504834368671479168538236601487935016601669427309044010105742917974937337472137361822420619240467927148438506351807655513650039/10000000000000000000000000000000000000000000000000000000000000000000000000000000000000000000000000000000000000000000000000000000000000000000000000000000000000000000000000000000000000000000000000000000000000000000000000000000000000000000000000000000000000000000000000000000000000000000000000000000000000000000000 -36595428328041411713803454939688029147310669634825883324558330890114643534622696920030744216995665664509394671483258995294595782138278492171333379661456873355903255910847056356743035106285756200254471424488309768644838657781436691621004072583662772621857418150978228759354783073734400165679420118062407010321/100000000000000000000000000000000000000000000000000000000000000000000000000000000000000000000000000000000000000000000000000000000000000000000000000000000000000000000000000000000000000000000000000000000000000000000000000000000000000000000000000000000000000000000000000000000000000000000000000000000000000000000
-2559305443887780249239663289273788255319251471895177983992463338113966829834596312462871243181493185361643848723497325774099683395275828030849198761445539809243970053814434879914281571263159922313824053076377552573270375132834628056005590648342627828617043455476212063177178972077916699167619716920589568103177/5000000000000000000000000000000000000000000000000000000000000000000000000000000000000000000000000000000000000000000000000000000000000000000000000000000000000000000000000000000000000000000000000000000000000000000000000000000000000000000000000000000000000000000000000000000000000000000000000000000000000000000000 -3888704629273603594096178111497281882289059140925782737703815884956286413349488844044445019942825870013194900280765026483977496674181815959282407572108612481013194215456978806189212921689414179630335407553064786435037361535226666539985417845687583845334841973829506967208230686438112690322584150843256790388163/5000000000000000000000000000000000000000000000000000000000000000000000000000000000000000000000000000000000000000000000000000000000000000000000000000000000000000000000000000000000000000000000000000000000000000000000000000000000000000000000000000000000000000000000000000000000000000000000000000000000000000000000
-981172637158542124287016166560795398157559064436480588060597286747704310228561639086398581227245504912835044990575170332064978983943473157764553770836122781225443650307770485383125790853055516969368352417810222024447356662240138647433469150114185905943145175772019586181976890755091635155288241007439316980671/1250000000000000000000000000000000000000000000000000000000000000000000000000000000000000000000000000000000000000000000000000000000000000000000000000000000000000000000000000000000000000000000000000000000000000000000000000000000000000000000000000000000000000000000000000000000000000000000000000000000000000000000 -3802233988755006513370624776928939353558525175717192437521498203940479582344281726558969354226176597710799661739551204677556720957236119613776572322242867740158522802853973222037608520736554650985342468368282714093692602250297602059360413657250381544377972799304185685279673689698399832978270109662032102523171/5000000000000000000000000000000000000000000000000000000000000000000000000000000000000000000000000000000000000000000000000000000000000000000000000000000000000000000000000000000000000000000000000000000000000000000000000000000000000000000000000000000000000000000000000000000000000000000000000000000000000000000000
7132770372596934058405215081184531785813432342611588067976299585159553068544123616866169862411011691607097115256769743373167990399390411274352392971741318830060638054106301594863974491125176312834515857287709863227142979506246492697479480853628738098401541932380845676935758163026301153450994261140333481737661/10000000000000000000000000000000000000000000000000000000000000000000000000000000000000000000000000000000000000000000000000000000000000000000000000000000000000000000000000000000000000000000000000000000000000000000000000000000000000000000000000000000000000000000000000000000000000000000000000000000000000000000000 5863723734375972138960626904903851345391334405490871824539647089867897871972120791385060321510193467989524536101369343254263315389489858843289094307926779630279323778535223239023800802529997722981796186892283458610858851862725358324713257101358564329112100807421169326195992984875656906254825200969571981065813/10000000000000000000000000000000000000000000000000000000000000000000000000000000000000000000000000000000000000000000000000000000000000000000000000000000000000000000000000000000000000000000000000000000000000000000000000000000000000000000000000000000000000000000000000000000000000000000000000000000000000000000000
-7180458796650659182604499320922740372119807284403170248885032625466833279339777145445091481251079981338444602606559913224576055715979833320730071059533518338669718003581145007741891405231100235748366704600947264006355701978692942132759460762566085032095734490637764892396823773676940614144605659124324277601309/10000000000000000000000000000000000000000000000000000000000000000000000000000000000000000000000000000000000000000000000000000000000000000000000000000000000000000000000000000000000000000000000000000000000000000000000000000000000000000000000000000000000000000000000000000000000000000000000000000000000000000000000 7783499384279812678335846343635994084589328616001671903459873713511985537782408854062043514246908328494021974028813494679670503039319484538668535272679399165586000671061639679506318602436077861848362658706915796333194906754871719353394372472073400729372973796964709622104671672808628843629072749048950165349289/10000000000000000000000000000000000000000000000000000000000000000000000000000000000000000000000000000000000000000000000000000000000000000000000000000000000000000000000000000000000000000000000000000000000000000000000000000000000000000000000000000000000000000000000000000000000000000000000000000000000000000000000

4
-312095339513585749529351165997276000578593992220428809801026661454114598038776591366941942493099528340415577491843326546673011042297436239631009514496472122905910763059880999263559144111726489277449824640314761049858632479862536889945922785694328619467059049038156405939803546492194008146616617147594105528221/1250000000000000000000000000000000000000000000000000000000000000000000000000000000000000000000000000000000000000000000000000000000000000000000000000000000000000000000000000000000000000000000000000000000000000000000000000000000000000000000000000000000000000000000000000000000000000000000000000000000000000000000 2949858424251292208920061745423453676777994133174323576683246916553955094972319068701962412193647618757348084933833458141182937938603487799315072949298965196096546776144777660500500373609368685042361937669445855001804554964636792233921415910591427483295834093589185174555829289511491057957946643318237243039389/10000000000000000000000000000000000000000000000000000000000000000000000000000000000000000000000000000000000000000000000000000000000000000000000000000000000000000000000000000000000000000000000000000000000000000000000000000000000000000000000000000000000000000000000000000000000000000000000000000000000000000000000
-5410363743420444752538684332232486691530281030154237367167224470151538114016964652170840502059444874578080426753749816056045094148594629045954279477426400575475899369701162971597314597916471454796101173002679578027512926104204593646015439325091548639682749164043532890249390485243108232852603721179227023721/16000000000000000000000000000000000000000000000000000000000000000000000000000000000000000000000000000000000000000000000000000000000000000000000000000000000000000000000000000000000000000000000000000000000000000000000000000000000000000000000000000000000000000000000000000000000000000000000000000000000000000000 -114109722280418622449656323750190566830298190296556243945752000832534694827381733403955224997845376347237339791627069785101462365484901293757976271910144765070255470059857195248483376555228376564786991124297762155645493993610692167628316243964640497610389768789305718936804048006708186533622120329787088879201/1000000000000000000000000000000000000000000000000000000000000000000000000000000000000000000000000000000000000000000000000000000000000000000000000000000000000000000000000000000000000000000000000000000000000000000000000000000000000000000000000000000000000000000000000000000000000000000000000000000000000000000000
-1379161423379097445438892830809424458007910762405980747802041438920105096879323675964646072409790173990828926484307287323693147188823065893762174236384707221547038937881798989690605690035880425862533890976595484828986374112227444970017102830527520270591909881993900000974209112418680735014599167529514892522327/2500000000000000000000000000000000000000000000000000000000000000000000000000000000000000000000000000000000000000000000000000000000000000000000000000000000000000000000000000000000000000000000000000000000000000000000000000000000000000000000000000000000000000000000000000000000000000000000000000000000000000000000 -315734709543459752029583036620482036226172255753964080349299547541152010405970813504431586375581058418669187934684187488217238894286282413521911808345908799694681464322241095595447481850663113191645271404763509796564693966961139370951908282894710166576090548885768507715335183642480382461826954364757907560391/2500000000000000000000000000000000000000000000000000000000000000000000000000000000000000000000000000000000000000000000000000000000000000000000000000000000000000000000000000000000000000000000000000000000000000000000000000000000000000000000000000000000000000000000000000000000000000000000000000000000000000000000
3161127855527211302488994725873408800873018111183126492428822611257844122260649659204617220288644874130842639549142484788226307440501214171808794654716109899910792871586009168773430714763043021968254225067160475175405641189105438815382439085338743430986920419230157403276058583256912007328935255599959028897983/5000000000000000000000000000000000000000000000000000000000000000000000000000000000000000000000000000000000000000000000000000000000000000000000000000000000000000000000000000000000000000000000000000000000000000000000000000000000000000000000000000000000000000000000000000000000000000000000000000000000000000000000 1146660984296528840586316301082622090780729518700932412921954321194911358713036028190612812517941669702685752572752551350322686831198244288524933720199718583969122099697167769449455960176341369236778295495687030147709964561746581475506984460480556733226433684240661881532600904009335089930216471223869765359133/20000000000000000000000000000000000000000000000000000000000000000000000000000000000000000000000000000000000000000000000000000000000000000000000000000000000000000000000000000000000000000000000000000000000000000000000000000000000000000000000000000000000000000000000000000000000000000000000000000000000000000000000

2 1
-1642732074909701762748928626735376557300499989257829006915144648919554968217398822357052989389602202654878455096248469046101786352338840228706901384150667191683174887258533609195658009030440909589846513256217988441106451492448909173446932253091404254718733395530612472286067511131399244483272431619862523839671/10000000000000000000000000000000000000000000000000000000000000000000000000000000000000000000000000000000000000000000000000000000000000000000000000000000000000000000000000000000000000000000000000000000000000000000000000000000000000000000000000000000000000000000000000000000000000000000000000000000000000000000000 -820488178599752947443618152085190480400224711165107195045585491623407685925368436521828433489967201329569004799753302767627855020394342640927615709870586736780480533695062742137712416103126908941470920014466431764422457308683540754257183880698186432633122593098617023791040689894097034554714365207660440835783/10000000000000000000000000000000000000000000000000000000000000000000000000000000000000000000000000000000000000000000000000000000000000000000000000000000000000000000000000000000000000000000000000000000000000000000000000000000000000000000000000000000000000000000000000000000000000000000000000000000000000000000000
-78564035532097127270226211690210674588858230735266986465430950718950394972628356756568043616763711999103035802895298447734513954036787810917478484856566134684696855269672118042119679125680669565700201231190163240881641709881300243232611107094097998572718619316596221565700778134730277271426270605896550895957/200000000000000000000000000000000000000000000000000000000000000000000000000000000000000000000000000000000000000000000000000000000000000000000000000000000000000000000000000000000000000000000000000000000000000000000000000000000000000000000000000000000000000000000000000000000000000000000000000000000000000000000 -1126370424202220541742334656745199720289734155725330201982487127551882863961981658869881679418936908181152769773081055464480023973739681734233416353424487572541777482267652684182910466378237652486913258017141057681051321505136751611306049541589120155125697398622619045980517495537094337053232668415639784707971/1250000000000000000000000000000000000000000000000000000000000000000000000000000000000000000000000000000000000000000000000000000000000000000000000000000000000000000000000000000000000000000000000000000000000000000000000000000000000000000000000000000000000000000000000000000000000000000000000000000000000000000000

3
1
4
1 0
0 0
0 0
0 0

0 0
1 4
-2559305443887780249239663289273788255319251471895177983992463338113966829834596312462871243181493185361643848723497325774099683395275828030849198761445539809243970053814434879914281571263159922313824053076377552573270375132834628056005590648342627828617043455476212063177178972077916699167619716920589568103177/5000000000000000000000000000000000000000000000000000000000000000000000000000000000000000000000000000000000000000000000000000000000000000000000000000000000000000000000000000000000000000000000000000000000000000000000000000000000000000000000000000000000000000000000000000000000000000000000000000000000000000000000 -3888704629273603594096178111497281882289059140925782737703815884956286413349488844044445019942825870013194900280765026483977496674181815959282407572108612481013194215456978806189212921689414179630335407553064786435037361535226666539985417845687583845334841973829506967208230686438112690322584150843256790388163/5000000000000000000000000000000000000000000000000000000000000000000000000000000000000000000000000000000000000000000000000000000000000000000000000000000000000000000000000000000000000000000000000000000000000000000000000000000000000000000000000000000000000000000000000000000000000000000000000000000000000000000000
-981172637158542124287016166560795398157559064436480588060597286747704310228561639086398581227245504912835044990575170332064978983943473157764553770836122781225443650307770485383125790853055516969368352417810222024447356662240138647433469150114185905943145175772019586181976890755091635155288241007439316980671/1250000000000000000000000000000000000000000000000000000000000000000000000000000000000000000000000000000000000000000000000000000000000000000000000000000000000000000000000000000000000000000000000000000000000000000000000000000000000000000000000000000000000000000000000000000000000000000000000000000000000000000000 -3802233988755006513370624776928939353558525175717192437521498203940479582344281726558969354226176597710799661739551204677556720957236119613776572322242867740158522802853973222037608520736554650985342468368282714093692602250297602059360413657250381544377972799304185685279673689698399832978270109662032102523171/5000000000000000000000000000000000000000000000000000000000000000000000000000000000000000000000000000000000000000000000000000000000000000000000000000000000000000000000000000000000000000000000000000000000000000000000000000000000000000000000000000000000000000000000000000000000000000000000000000000000000000000000
7132770372596934058405215081184531785813432342611588067976299585159553068544123616866169862411011691607097115256769743373167990399390411274352392971741318830060638054106301594863974491125176312834515857287709863227142979506246492697479480853628738098401541932380845676935758163026301153450994261140333481737661/10000000000000000000000000000000000000000000000000000000000000000000000000000000000000000000000000000000000000000000000000000000000000000000000000000000000000000000000000000000000000000000000000000000000000000000000000000000000000000000000000000000000000000000000000000000000000000000000000000000000000000000000 5863723734375972138960626904903851345391334405490871824539647089867897871972120791385060321510193467989524536101369343254263315389489858843289094307926779630279323778535223239023800802529997722981796186892283458610858851862725358324713257101358564329112100807421169326195992984875656906254825200969571981065813/10000000000000000000000000000000000000000000000000000000000000000000000000000000000000000000000000000000000000000000000000000000000000000000000000000000000000000000000000000000000000000000000000000000000000000000000000000000000000000000000000000000000000000000000000000000000000000000000000000000000000000000000
-7180458796650659182604499320922740372119807284403170248885032625466833279339777145445091481251079981338444602606559913224576055715979833320730071059533518338669718003581145007741891405231100235748366704600947264006355701978692942132759460762566085032095734490637764892396823773676940614144605659124324277601309/10000000000000000000000000000000000000000000000000000000000000000000000000000000000000000000000000000000000000000000000000000000000000000000000000000000000000000000000000000000000000000000000000000000000000000000000000000000000000000000000000000000000000000000000000000000000000000000000000000000000000000000000 7783499384279812678335846343635994084589328616001671903459873713511985537782408854062043514246908328494021974028813494679670503039319484538668535272679399165586000671061639679506318602436077861848362658706915796333194906754871719353394372472073400729372973796964709622104671672808628843629072749048950165349289/10000000000000000000000000000000000000000000000000000000000000000000000000000000000000000000000000000000000000000000000000000000000000000000000000000000000000000000000000000000000000000000000000000000000000000000000000000000000000000000000000000000000000000000000000000000000000000000000000000000000000000000000

4
-312095339513585749529351165997276000578593992220428809801026661454114598038776591366941942493099528340415577491843326546673011042297436239631009514496472122905910763059880999263559144111726489277449824640314761049858632479862536889945922785694328619467059049038156405939803546492194008146616617147594105528221/1250000000000000000000000000000000000000000000000000000000000000000000000000000000000000000000000000000000000000000000000000000000000000000000000000000000000000000000000000000000000000000000000000000000000000000000000000000000000000000000000000000000000000000000000000000000000000000000000000000000000000000000 2949858424251292208920061745423453676777994133174323576683246916553955094972319068701962412193647618757348084933833458141182937938603487799315072949298965196096546776144777660500500373609368685042361937669445855001804554964636792233921415910591427483295834093589185174555829289511491057957946643318237243039389/10000000000000000000000000000000000000000000000000000000000000000000000000000000000000000000000000000000000000000000000000000000000000000000000000000000000000000000000000000000000000000000000000000000000000000000000000000000000000000000000000000000000000000000000000000000000000000000000000000000000000000000000
-5410363743420444752538684332232486691530281030154237367167224470151538114016964652170840502059444874578080426753749816056045094148594629045954279477426400575475899369701162971597314597916471454796101173002679578027512926104204593646015439325091548639682749164043532890249390485243108232852603721179227023721/16000000000000000000000000000000000000000000000000000000000000000000000000000000000000000000000000000000000000000000000000000000000000000000000000000000000000000000000000000000000000000000000000000000000000000000000000000000000000000000000000000000000000000000000000000000000000000000000000000000000000000000 -114109722280418622449656323750190566830298190296556243945752000832534694827381733403955224997845376347237339791627069785101462365484901293757976271910144765070255470059857195248483376555228376564786991124297762155645493993610692167628316243964640497610389768789305718936804048006708186533622120329787088879201/1000000000000000000000000000000000000000000000000000000000000000000000000000000000000000000000000000000000000000000000000000000000000000000000000000000000000000000000000000000000000000000000000000000000000000000000000000000000000000000000000000000000000000000000000000000000000000000000000000000000000000000000
-1379161423379097445438892830809424458007910762405980747802041438920105096879323675964646072409790173990828926484307287323693147188823065893762174236384707221547038937881798989690605690035880425862533890976595484828986374112227444970017102830527520270591909881993900000974209112418680735014599167529514892522327/2500000000000000000000000000000000000000000000000000000000000000000000000000000000000000000000000000000000000000000000000000000000000000000000000000000000000000000000000000000000000000000000000000000000000000000000000000000000000000000000000000000000000000000000000000000000000000000000000000000000000000000000 -315734709543459752029583036620482036226172255753964080349299547541152010405970813504431586375581058418669187934684187488217238894286282413521911808345908799694681464322241095595447481850663113191645271404763509796564693966961139370951908282894710166576090548885768507715335183642480382461826954364757907560391/2500000000000000000000000000000000000000000000000000000000000000000000000000000000000000000000000000000000000000000000000000000000000000000000000000000000000000000000000000000000000000000000000000000000000000000000000000000000000000000000000000000000000000000000000000000000000000000000000000000000000000000000
3161127855527211302488994725873408800873018111183126492428822611257844122260649659204617220288644874130842639549142484788226307440501214171808794654716109899910792871586009168773430714763043021968254225067160475175405641189105438815382439085338743430986920419230157403276058583256912007328935255599959028897983/5000000000000000000000000000000000000000000000000000000000000000000000000000000000000000000000000000000000000000000000000000000000000000000000000000000000000000000000000000000000000000000000000000000000000000000000000000000000000000000000000000000000000000000000000000000000000000000000000000000000000000000000 1146660984296528840586316301082622090780729518700932412921954321194911358713036028190612812517941669702685752572752551350322686831198244288524933720199718583969122099697167769449455960176341369236778295495687030147709964561746581475506984460480556733226433684240661881532600904009335089930216471223869765359133/20000000000000000000000000000000000000000000000000000000000000000000000000000000000000000000000000000000000000000000000000000000000000000000000000000000000000000000000000000000000000000000000000000000000000000000000000000000000000000000000000000000000000000000000000000000000000000000000000000000000000000000000

3 0

4
1 0
0 0
0 0
0 0

0 0
0 4

4
-312095339513585749529351165997276000578593992220428809801026661454114598038776591366941942493099528340415577491843326546673011042297436239631009514496472122905910763059880999263559144111726489277449824640314761049858632479862536889945922785694328619467059049038156405939803546492194008146616617147594105528221/1250000000000000000000000000000000000000000000000000000000000000000000000000000000000000000000000000000000000000000000000000000000000000000000000000000000000000000000000000000000000000000000000000000000000000000000000000000000000000000000000000000000000000000000000000000000000000000000000000000000000000000000 2949858424251292208920061745423453676777994133174323576683246916553955094972319068701962412193647618757348084933833458141182937938603487799315072949298965196096546776144777660500500373609368685042361937669445855001804554964636792233921415910591427483295834093589185174555829289511491057957946643318237243039389/10000000000000000000000000000000000000000000000000000000000000000000000000000000000000000000000000000000000000000000000000000000000000000000000000000000000000000000000000000000000000000000000000000000000000000000000000000000000000000000000000000000000000000000000000000000000000000000000000000000000000000000000
-5410363743420444752538684332232486691530281030154237367167224470151538114016964652170840502059444874578080426753749816056045094148594629045954279477426400575475899369701162971597314597916471454796101173002679578027512926104204593646015439325091548639682749164043532890249390485243108232852603721179227023721/16000000000000000000000000000000000000000000000000000000000000000000000000000000000000000000000000000000000000000000000000000000000000000000000000000000000000000000000000000000000000000000000000000000000000000000000000000000000000000000000000000000000000000000000000000000000000000000000000000000000000000000 -114109722280418622449656323750190566830298190296556243945752000832534694827381733403955224997845376347237339791627069785101462365484901293757976271910144765070255470059857195248483376555228376564786991124297762155645493993610692167628316243964640497610389768789305718936804048006708186533622120329787088879201/1000000000000000000000000000000000000000000000000000000000000000000000000000000000000000000000000000000000000000000000000000000000000000000000000000000000000000000000000000000000000000000000000000000000000000000000000000000000000000000000000000000000000000000000000000000000000000000000000000000000000000000000
-1379161423379097445438892830809424458007910762405980747802041438920105096879323675964646072409790173990828926484307287323693147188823065893762174236384707221547038937881798989690605690035880425862533890976595484828986374112227444970017102830527520270591909881993900000974209112418680735014599167529514892522327/2500000000000000000000000000000000000000000000000000000000000000000000000000000000000000000000000000000000000000000000000000000000000000000000000000000000000000000000000000000000000000000000000000000000000000000000000000000000000000000000000000000000000000000000000000000000000000000000000000000000000000000000 -315734709543459752029583036620482036226172255753964080349299547541152010405970813504431586375581058418669187934684187488217238894286282413521911808345908799694681464322241095595447481850663113191645271404763509796564693966961139370951908282894710166576090548885768507715335183642480382461826954364757907560391/2500000000000000000000000000000000000000000000000000000000000000000000000000000000000000000000000000000000000000000000000000000000000000000000000000000000000000000000000000000000000000000000000000000000000000000000000000000000000000000000000000000000000000000000000000000000000000000000000000000000000000000000
3161127855527211302488994725873408800873018111183126492428822611257844122260649659204617220288644874130842639549142484788226307440501214171808794654716109899910792871586009168773430714763043021968254225067160475175405641189105438815382439085338743430986920419230157403276058583256912007328935255599959028897983/5000000000000000000000000000000000000000000000000000000000000000000000000000000000000000000000000000000000000000000000000000000000000000000000000000000000000000000000000000000000000000000000000000000000000000000000000000000000000000000000000000000000000000000000000000000000000000000000000000000000000000000000 1146660984296528840586316301082622090780729518700932412921954321194911358713036028190612812517941669702685752572752551350322686831198244288524933720199718583969122099697167769449455960176341369236778295495687030147709964561746581475506984460480556733226433684240661881532600904009335089930216471223869765359133/20000000000000000000000000000000000000000000000000000000000000000000000000000000000000000000000000000000000000000000000000000000000000000000000000000000000000000000000000000000000000000000000000000000000000000000000000000000000000000000000000000000000000000000000000000000000000000000000000000000000000000000000

