-50064
-4172
8640
-45040
11264
-168
-2016
22656
8400
-3024
-74480
3766
-4320
120
4692
24732
640
-64066
-490
-1436
-9744
-5184
-10584
2200
72428
-51204
-1680
12060
3096
-9408
-8640
34440
12320
-1890
18000
-37696
39480
2436
-4380
-39410
-3440
32400
10808
8062
63058
39256
-640
-3974
66060
-15120
-100
-51100
-3920
6480
-184080
-13560
-87400
256
-4320
15120
6962
-109910
9636
18120
-5880
-12096
-17464
17948
17920
-10080
11664
-4158
-600
-32604
9612
48600
1892
-5950
-21496
400
-25560
7560
-34720
47340
-7560
-7776
12548
-6240
6041
-47040
600
-864
-48600
-120
-672
-8400
2208
5376
-6144
5040
-30900
-7330
46320
-8544
4800
-5184
-12208
25344
18648
19404
630
4368
-8918
41561
-2880
34384
-50304
-126
-15840
6132
-2136
-22456
-6200
-1752
5400
-7500
26156
1008
-7656
39222
-560
-116880
50540
1540
672
-13608
-58000
41100
-52236
-25908
38472
-3360
5580
3232
-31696
-11256
-92160
-70
-46064
540
-31388
-8120
-4080
-4020
-7200
720
3660
40826
140
-396
-1080
-5784
19440
9376
26004
40492
5400
-57269
13312
15660
-3672
272
-32328
2240
-16848
-45900
-160090
-2800
18480
-29948
3920
768
25892
-612
-7328
-4320
-2400
-5320
100360
6216
-26860
-1120
-720
47568
196
-4410
-27580
-60770
9766
13608
-71158
33900
9600
-15876
17712
-2450
43560
-29022
-3528
-7140
-6540
-22128
144
-16520
15680
15480
-4670
3822
-5736
672
-49056
-16228
7560
25530
-9744
3360
2800
60480
-25698
-45536
26880
21602
-15120
34020
-9616
-4228
60546
768
3024
-6814
-1788
17640
-36
100080
-6948
-17440
85500
-54720
1176
148
-240
432
29800
-6440
6048
-11200
-79504
-22080
2268
-92728
9576
-44340
2940
240
-47250
-2400
-70084
-10140
30724
-9240
40236
-4592
27480
66710
372
400
67660
-19060
-26400
-2880
1512
75836
1680
-200
16852
-46830
8040
-8068
-1008
5376
17556
-16308
-14584
-978
5022
3102
9888
-3888
-1512
-1080
-912
4480
-13440
-9040
11824
-1988
-15120
7528
12338
70700
-39660
-85720
-4392
8232
9484
7920
-28980
-55800
-4320
-5040
-10080
720
-280
-24468
5600
6480
-1320
-4224
-16940
-11890
-2652
-12600
17888
-1568
-3360
-10062
-29365
-672
-5688
504
-13830
-21218
-7440
15600
5754
980
-6480
18900
-25620
-53520
40656
-144
18368
51792
4900
-32316
-25920
-17640
-12274
720
-9310
52510
6720
24500
37580
11760
3000
25608
16440
11760
-43162
-120
-288
8808
-8318
-7888
-2256
5400
-800
-34740
960
-4592
-1680
-11512
4480
-4144
33880
-17952
62669
1600
-20280
2848
-36798
-6240
-25328
-6300
-31620
-1440
47145
-3840
32403
12950
-5400
-1180
-27204
-19008
-9030
-57198
58716
-19456
-4123
2160
128
-234562
-2800
6976
-5688
-35824
42040
160
5152
39480
14760
-1470
-648
336
-38880
-2960
5280
10360
568
-2424
35280
20880
35280
13150
5880
-96
4032
8568
-43484
-30720
1120
1920
-14448
-5880
-1836
-1932
1680
1248
1380
13056
-78764
164782
-552
-6580
200
-24600
-3808
21280
-672
-2320
-420
-300
9080
5352
2560
-78224
10080
-480
7460
432
-1060
264
6720
-164608
2376
7240
-54840
-1824
-12528
-21600
100
47796
-17612
28532
-24192
153972
46320
-728
15120
12672
22092
3024
-84800
22560
16200
48300
-11132
-58816
-23184
-29952
336
41460
-154324
48600
-12770
-32160
4320
-600
14445
-91620
-39690
10290
-78732
9814
5880
-20436
-1728
-51206
-4164
-172
51870
1800
10192
7056
-14456
-5760
3804
3276
4320
1664
4320
4896
13952
2380
-980
22680
11520
34920
-42
20748
-26632
-6768
-3360
-3624
6240
63000
-2320
-42840
1068
-2464
2940
-12516
54656
90012
80896
10800
43126
560
34160
1008
-2304
24000
80
-3548
9660
-3168
-6720
2160
-2940
-2864
-25908
-584
-44932
-5600
1960
14400
-18480
-2900
12960
19980
-12320
-83464
16668
6480
109674
-8976
2080
19740
-1874
7812
10352
26040
73800
67796
-6240
17386
-61136
-3430
-1120
5760
4260
-3638
-12960
-58800
27588
-19904
-2208
-114508
-28128
-672
-1392
21568
980
107636
-96
-2160
-55420
4536
-6048
-22050
2940
-76816
-6552
-11760
73108
-400
-5040
-4596
-34508
44760
75628
82040
30328
32902
3576
1344
-35964
-40028
-8304
-51900
-5880
1120
2400
350
40592
44296
80144
-4860
-4032
3600
16480
25424
-16754
-1728
480
10080
-800
8512
-37388
-12600
6432
20120
-576
-7200
96
-364
-2256
2160
-42896
40600
-964
21816
-23772
8868
7560
10108
76620
-1680
-1800
1248
31860
-21600
-4900
-34020
8112
108785
27522
13540
-69160
-58182
-10804
-2688
-6160
-240
-10919
-32358
7680
-16656
-5400
-185382
7840
360
-47222
-60464
-16448
49424
1092
1440
-11520
27292
-540
8182
2080
-14168
960
-5520
28080
1104
58464
37556
-3284
24878
-64414
-23052
28068
16740
26340
-50656
-2240
14555
1020
-15246
12460
2800
868
-11712
-10068
6720
-5856
-49666
-9103
-1470
-17496
840
1128
-141284
-43820
-38328
-64
44412
-19320
23520
-280
-10930
-26880
31864
-3780
11088
2520
420
-7872
336
-80
-74688
1512
59360
13860
-2400
-50610
-39672
11676
-13824
-3144
115360
500
-840
73452
-34020
-4856
-98070
12642
6650
-150820
12384
-37436
-31064
30564
-19420
-48858
-144
192
-384
-1014
90940
19464
-1280
-4550
-2120
240
8820
-12112
42312
-1392
1120
38640
-84420
3412
58176
-42114
-38880
8568
4656
-1880
66654
1872
-3936
2205
36
-47952
9504
34650
9453
1944
-100
24560
-96
7436
-37036
87906
224
5040
8916
-6240
11520
100032
25258
8400
-4290
2112
756
-4116
-2160
-58408
18900
36998
-1980
-22410
-21600
63477
109512
-1816
-4704
30528
-1620
36158
31164
-672
1600
-672
-3424
8160
48
-21600
27489
672
-3896
3680
-7100
51552
-20112
-25234
-1320
5320
12960
-9520
9624
-30480
-576
196458
3710
1992
-3600
10920
-490
3600
-9892
358
-37800
1720
-1440
33600
1680
-9290
-5760
-864
-144
-46048
-18408
93924
25680
-4060
180
-5184
-14760
47208
6240
2700
-23520
11160
-16620
41960
-13470
24509
-5840
-26784
1824
-6870
-32400
53114
-5976
-101178
15720
-9720
-9520
300
-116280
4128
-2240
-432
-21684
-42946
76230
-756
-10488
924
-21000
-5840
23856
-2160
-41940
1200
-2800
-5040
-6336
-2592
-11664
-56612
-280
71216
-13440
1344
-13208
-1120
-6560
42626
-66240
-8704
135358
1176
96
-448
-8394
-21000
3240
41078
-1200
-37584
2880
-13506
-9600
-15800
1440
52000
9080
-30576
-14514
-240
8820
-240
75908
-1280
3816
12282
7140
29280
-4000
-7840
7800
12492
12600
51056
-11390
9024
37356
180703
24348
-1248
5186
10080
-1820
-14400
13898
36918
3024
35424
1644
-22974
4320
-496
-20196
-9814
18448
-3780
-48
1152
22944
-96
10480
71820
7560
-960
864
-6720
-9320
131452
-78736
-960
3434
3240
14700
-15120
-28416
-10980
6500
6272
-44616
-5880
-139135
8544
2640
23010
-504
34776
-90282
-2016
-13860
-1440
-5040
-55992
-96600
-36448
-3840
-11446
28728
-15120
-23760
-8760
71904
-12264
-21600
-9852
984
-5803
49048
-5124
4992
-3480
22764
-5760
-9920
-19488
-2240
480
-4620
51030
1880
18144
-864
3408
-2968
660
19800
744
480
-23436
14920
-3626
-5040
9060
55044
4880
11912
-1400
-79268
27900
35352
1120
10240
-3408
11760
4400
-2940
160
-126756
-16556
4320
-21600
30240
14364
3146
-742
135524
-47132
-7560
-1376
-7140
10320
-18832
5868
24570
87911
-960
15800
34062
-24584
3456
16632
-420
-9720
-1544
-5760
13648
-9720
1470
-20447
-36044
21480
72144
-37512
-12740
33398
-2240
-19212
18432
-17640
480
-9780
-5376
58930
2800
-13384
4032
-6076
-22964
-496
-10478
224
13392
7560
83700
111512
3920
-8526
14280
5288
-48720
-1120
28344
-1220
-1176
-30564
2208
3964
-30940
1008
28630
2400
-11136
-29520
-16460
126715
-1120
-64744
19232
-200
70624
-780
-3828
3060
-12960
-8062
-300
38880
20080
-2520
-140104
-3504
5680
-28714
110872
-6048
-5880
-1248
-24036
792
34000
24248
5220
32844
10396
-128208
2980
-66403
-36800
10360
33824
3840
-7092
-224
23040
18340
-129244
2152
472
800
57450
7248
-10948
-672
4952
37686
4560
2352
-14400
13436
4224
-120
-63640
1776
-144
-1368
9480
-1600
-3430
18966
-597
27184
33768
-5880
-5616
-276
2400
3420
17604
1920
-1960
4704
-5376
42840
1200
73888
18900
16472
-48672
19260
-25980
-17124
-1840
-26880
-1920
-672
-8640
-3360
-58422
4017
13398
28436
-960
-7316
3780
-240
-13727
12096
-3600
-6638
6480
-69960
-51752
-78998
-11032
-2704
-38960
33976
-58744
-24300
-20190
240
-108214
2160
-23800
25728
-5544
-4024
2430
-4320
-360
46732
160
20160
3600
29812
-21312
-328402
-66640
44104
-87480
11952
-920
-15504
-6684
7800
-54360
-4120
-5124
-57480
-28692
-50400
24750
4148
-5008
-29736
-3920
-5016
53404
27012
-32400
-39104
57482
30420
-1008
139668
-9180
-8872
-37010
-5344
-2560
2496
-36256
17496
117978
-4920
-5760
-14808
-48600
-23688
-1656
-9032
-3780
14440
13824
-38860
-25152
7560
1408
-8400
-138488
-55937
16804
9984
-12970
16632
-4480
18240
120
1764
4816
-1080
1440
62028
-1344
17280
-720
-155702
-144
1792
-9660
-900
11160
5152
-41400
-2760
3234
4288
33768
141374
82880
264
-6720
2240
-300
-78152
17830
3528
6608
17028
-2832
119086
-3430
660
5828
12924
-6988
-5600
-3240
-33936
-6748
-12780
-48640
8052
-7800
51900
-11964
-82218
13320
832
1092
-6300
-2592
12180
25620
7872
21772
-11190
3528
-4900
-6048
5400
3920
-1600
11340
-684
-2520
-32736
-31848
-4620
-428
-1540
3640
19068
158124
30870
-520
62
-120
-12960
-6600
-15184
-240
504
-10892
1520
-2968
-53502
-21768
14040
58080
54302
96918
-245
2472
-180
-8784
39948
7560
-2520
8640
31096
22830
10800
-540
-18864
-1080
4734
-280
-16624
13392
3920
-7920
32532
15298
-40204
76720
5112
2280
-13068
8728
17172
192
70416
4312
-6720
-440
-13384
28420
9120
-2592
-1080
12360
-6720
-4970
9168
4200
-8400
-24624
-30240
31920
-8036
2100
8100
-2160
-15528
30240
17820
-2800
82108
-5718
43918
12960
-8400
3024
-5096
-4704
280
8520
-24580
-6912
43200
-3780
-65301
-270
5520
63110
-2520
4932
-30756
4944
-38094
-17074
1536
19308
11664
32400
900
-7112
12864
-3052
-7700
-3188
46592
51672
33302
28574
26076
17294
6042
-12760
42462
-1600
88838
-60480
21112
-3740
3840
-3360
54654
672
23920
1848
288
2880
5568
-3150
2198
19296
2400
62640
-22098
6264
-11340
-2712
39354
-6404
14280
-29788
6696
380
15084
-1596
19584
-1248
-19520
13054
11808
2646
45612
4320
77168
-51760
37488
32680
73000
-6720
-360
-29552
59236
3536
6300
-6416
-3360
12040
-35700
1920
12096
-2880
48
1344
-4104
-21600
-19008
-15148
-42624
35280
-31730
-224
50328
-3024
-70416
-8640
4920
-3270
-5040
7680
200330
10800
392
400
19440
17096
-280
-800
-5736
-746
-42840
-1120
18720
-1834
-1728
-360
-48032
-4320
-6024
-9120
-18288
816
2450
38816
480
4544
-6132
21280
-38400
160302
-85062
-3360
37088
7044
-12096
140
-7672
-4116
-1008
-16320
-4368
28070
6238
-852
-2880
43076
-1680
-8448
45360
64392
26880
-26820
5100
2988
-20878
-23222
-31556
-80968
5474
144
3000
5160
39508
-43200
-384
25500
4380
2064
72856
-24300
-48060
-67556
-940
16940
448
-656
-3808
10240
6480
2400
-4656
-1200
8384
-21720
560
3780
-5760
19800
32
-21520
-36040
-362522
11340
5497
96408
-1440
-17040
4236
12440
1176
10080
-17660
3600
-8340
-51448
-5376
-6459
1280
7812
-5238
8136
-1152
34682
48600
9680
5040
-24150
-26712
10676
5040
29260
576
17520
1944
840
-4352
-58792
55484
-1200
-2196
1600
-48600
2800
2112
1680
-59808
3760
18144
18900
62906
12040
-10560
4800
-2492
54842
31968
-10312
3328
142349
-39840
132
24404
-120
-4150
13200
-28350
-680
90544
1008
6384
1260
240
-9340
-11340
-420
2548
-6736
35628
-36992
-82872
18064
720
560
12544
-2560
-9600
140
115380
4550
17304
820
-12536
-4872
840
27924
5120
27825
-21144
8400
-37560
-2688
82620
38000
40208
-16424
-12500
-83820
9012
1092
35700
27216
1456
-15120
-13414
-7020
-17820
-21708
-376
-7960
20300
-768
1960
16400
4920
-2472
-55384
-40110
47364
-4248
1200
30624
-1050
-12176
-40040
8400
10512
22264
79106
840
-20136
-17976
18320
1080
2744
-2640
34944
1620
1080
-6480
22870
17276
17792
672
83744
-30702
-8470
-280
-59584
-58312
18320
8960
-200
1344
15840
59124
1960
15240
6224
7560
1056
18092
-960
-74916
-25830
-45872
-6272
7560
-21720
-28120
16200
-21664
-30940
-7576
2448
18970
-21217
-3640
-1680
35628
21624
5160
2268
-7608
-4960
-4200
-280
7560
-6720
-1440
-48084
26460
-14560
-18456
864
-7812
-1380
6048
7560
-1960
-25480
-7896
-16104
36072
11760
3840
7440
7392
-5200
23980
-6264
1920
25560
208076
-250
86040
-1128
161658
36548
-70624
-2120
-1344
-2604
46392
5652
16552
50250
-1440
7700
-9720
-62544
1680
-4392
-18200
3048
23382
-70056
-11718
47134
37192
175118
-11900
-47652
960
70596
-8852
700
-15632
3720
50400
-9552
400
768
-2576
-1680
21948
13440
-480
-3338
93332
-4305
432
-2160
42524
48300
-4712
-43008
16368
2240
3840
-14760
-1824
-560
1140
19008
-840
50368
-600
1264
3840
44240
840
2016
-70928
-840
-40376
22628
2752
18730
-80
-3080
-66190
-32165
-19440
-33060
-4880
49186
-24000
7014
-11556
-13600
5040
96
24250
3840
-20592
1200
43200
5880
5504
70560
-46832
-120
28470
76278
576
-18000
11304
-8820
-4032
-5288
2560
12852
2702
46138
1176
6950
1620
28213
-10584
280
-2400
14851
-2400
50286
3240
2800
-12432
43968
1820
-1060
16408
1512
1008
-10202
23280
-3150
-976
-24012
-20748
-54420
-82068
-8066
33320
360
-720
-280
23520
432
-26160
-15440
7406
-47880
-284
16740
-3024
43090
-1752
57848
-6720
-24064
6748
4032
27851
39304
672
-3048
-5868
-240
4536
58170
-96
-70440
16415
-8280
-14746
32996
8232
2590
-6080
160916
-17220
22400
1184
360
-159036
-13075
-52780
7680
2880
-12512
-6180
-10800
7784
-3600
-5400
-6720
5468
-43670
180
-4032
3600
9408
780
7560
-14496
14560
-7320
-13248
-1512
-38232
-4544
-2240
12960
3500
-12600
-5400
-48068
3616
-23520
-3696
-6720
-16128
22050
-5040
-1340
-113304
48600
-11880
1624
-19970
-60186
4992
-148711
-93360
-22820
-11890
-800
-2240
-8172
-360
4536
52920
3528
2988
-6336
1512
2376
-4080
-5400
-288
2100
24080
-180
15764
-24600
27804
3948
24910
-3760
13608
4320
3360
-35016
-19320
-12672
1456
13062
22452
300
16800
-23940
-5980
96300
3600
640
-5030
300
-5448
26460
2940
-3344
-3240
-58416
5928
-1920
4092
93894
28080
-1152
1680
-1680
-250
7932
-8148
1224
-2014
2684
-400
-1424
-3360
720
11100
-6720
-18900
43050
-3312
4040
2520
-86616
-6576
2128
94152
-69982
-21024
11628
-20128
5832
245
43400
-5040
9716
29484
-113262
21970
-109419
3780
-22178
-47014
18516
-51856
-121028
130540
3744
-45437
-6720
-3820
-784
-36804
-35000
37428
121724
15914
1288
320
-52150
20196
11664
30400
-34440
-800
15372
-16980
38096
39780
3888
1120
-3380
44492
-64404
-8742
-280
1056
771
2464
-11492
66080
4320
32844
3600
720
-32198
-3500
32600
-5908
-8400
772
9632
3168
-19551
3040
-24052
48100
-4074
-46192
7080
-480
1356
-5544
40440
-20774
8040
-26390
35454
4564
-30240
528
-15794
-12040
-2400
17820
-10248
12660
-27762
-4400
8820
-14784
-2982
-18396
102831
-4200
-4480
3528
-27288
28380
840
10512
-8400
-9520
-5592
-2560
4440
7680
1344
46800
-4200
153
-56980
-120
18710
3000
13364
-79786
13200
-14196
-6020
-9324
-25128
-480
7780
37452
21168
-2804
24
-14376
19080
-55998
-360
3328
-22668
-360
-10950
-36754
-24810
20503
-2400
-3360
4320
-7560
34586
-49934
5040
5376
-1040
-48
2016
-3900
8388
-1056
28686
16008
-34860
-17768
-870
-9720
672
-14880
2520
-2560
-66304
91420
1344
169984
-2520
1280
-23214
4800
12928
-696
-5016
-960
-800
2016
6144
-1764
21920
-600
6398
-1488
8880
12016
-12240
-240
-840
49964
67044
-1620
60736
12268
-2640
24000
3420
-5187
-135398
49472
-43888
-17928
12672
-25920
-47768
-65744
30870
-93849
-144
72
82206
38172
24588
-8808
3360
-3808
-2240
-28848
-47526
3628
-3200
73820
34872
-3556
-5408
-18160
87272
144
21180
-1376
-35560
72170
53946
4312
20768
-14315
8520
200
-6380
-1680
-1440
-34020
-960
-14700
8134
9864
-1344
19402
11520
170954
-74030
45360
-13020
34020
-504
932
-336
-20580
-36096
51680
9984
77400
-1572
9090
-12775
38903
-9284
-16800
67802
5376
13696
-7010
19232
4192
8448
490
16786
-1288
936
-16640
-78918
792
-8449
-5530
2620
18740
79952
-30388
92424
-192
-30670
49812
-25328
9300
-6344
120
106704
1980
33600
-16932
-5676
22744
1884
792
-16816
-560
9000
-400
1024
-62520
-10320
-120
-3072
9870
4392
17120
21200
20272
34992
-1224
16716
1440
19542
-18900
-22680
-97888
-8400
-1920
-16800
-11908
9216
-7800
-5400
-1225
-46534
-60692
41896
14240
27520
15828
-4368
83244
25694
-10040
-2568
768
-2592
-2400
1080
102338
-7392
-11340
4320
-5400
-96
-8400
-2408
-10824
37716
-924
4160
30708
-1824
-4220
23856
28206
22530
-1728
6312
5040
29952
1216
4752
10116
324
9288
2280
-62100
-74880
2112
75879
1176
1208
-1120
-7840
-15456
120
9052
-8316
10848
-57078
34560
300
21372
-33116
-240
432
-21168
-30120
250
-63200
6942
-240
12183
-8736
4536
51250
9080
6180
-5376
44394
2040
-36556
12100
-3408
1728
-8688
94452
2660
30960
-8736
-1890
-12096
-5600
-3360
16320
13818
4320
8982
-696
57022
3760
3780
-32022
83660
-55744
-1960
84082
103512
75636
-400
46060
4480
2400
-1592
-39690
-36074
40222
-85172
-960
13600
-4998
5670
-28984
9860
-10920
8820
-75584
-6480
23000
-3592
10696
-400
3360
144
-2912
637
-4920
33444
-3200
14264
28204
22680
-20160
8640
75482
-27160
-28076
9320
2940
1920
-14976
-2880
240
-158
-27930
37478
3024
5856
2160
19200
8844
-21984
8448
546
4808
-9184
58600
41708
7776
57582
-4968
-5880
-52240
-41136
92076
-1512
-432
-1320
7840
7680
8960
-2400
12240
7532
27324
-2100
12720
-6480
-76686
34696
6290
-128550
43670
2520
19488
-39984
2352
-10656
5824
28980
-8880
-480
-4264
552
10560
-19828
-140
8664
6120
78034
-1016
-8178
10800
-540
-40800
45304
23388
-13140
-60842
-15816
8280
-1932
22618
3424
-3360
1040
1440
-69928
-2912
-17828
29884
-16448
38100
-72130
800
4848
5144
-8666
29104
-5952
23520
-63860
-144
21144
15400
-34860
-6070
2316
10512
9840
-3780
6840
-68460
41142
-58840
1512
-33880
560
-86576
3360
-36816
3780
38832
-19980
1920
4128
-5376
-1356
34055
980
-4212
-84570
-480
-40704
-4796
-37728
-300
-12075
55080
-133192
315
-16800
1004
3480
3456
17196
-3396
-1890
-4032
144
-1666
-10080
16632
17280
16884
37296
22050
107092
21240
-20580
8640
-14840
-2520
7440
-14616
1470
96
-6720
71940
-236
-79354
-22680
-16173
27184
4032
-47874
-15040
-28531
-10560
-44760
-62892
-51504
43440
-30808
1512
22093
8110
-8640
2330
-63898
-6874
-304
-51450
-12440
22050
-680
-25260
-1764
148710
17772
-164316
-98938
-9600
-6300
22680
13680
488
-3024
14700
-288
1080
1960
-49968
-20304
-43646
40834
25200
24772
-4032
6712
12864
24381
13172
45920
-15400
-3066
4200
-96
-30584
31110
24556
26532
9900
32040
-9434
44534
11340
15370
-35580
-118740
-22410
17708
-3648
240
-214876
1140
-18480
-36984
13540
8240
-10807
840
3024
33660
192
-480
112170
3420
5670
-24290
56
-32702
-13712
-7992
39004
10680
-5824
-25826
30064
-12312
-1068
-6060
-6960
1440
3480
-720
-9880
18144
-132400
21660
-10290
75342
-43902
-32090
-12600
-20160
84546
63504
25992
-13104
21400
5436
-22080
-280
-240
-2736
1224
127972
-1664
1032
-8448
2040
4320
-32
43680
-8904
15936
2128
-8640
37800
1160
-25260
-23520
-16776
-4560
3384
3840
-50540
2268
17608
-26700
-6960
-27248
-62314
97920
21540
150
22260
6840
41868
-11760
101520
-144
-149202
600
980
-7560
-600
-280
-4160
-43260
14388
-8000
18672
1260
576
-38624
-30156
-1200
9100
-19112
40306
2160
19361
-7756
2940
110328
-28280
4732
384
-7080
9600
-4200
-108
-1680
1400
6752
-27754
5208
11808
52614
32160
-4320
924
-7080
-64080
-2912
2268
412
10584
-800
-30628
-88422
-6696
100023
-2520
-46516
-68886
-2520
-56648
-76430
-87480
13518
10500
-9824
-103676
8820
24608
-29370
-33044
-960
-13328
-17628
-570
64856
-30800
-18900
-12888
-192
-13388
2400
14640
1512
23760
-10614
8820
36330
4800
9512
12456
672
-10480
-161500
64000
-42060
5496
-28800
21600
-27672
-2240
25900
46912
1048
-2160
4410
-1600
11072
-24098
9738
-2808
960
-50610
-6240
19200
3720
8136
-5200
-7696
30024
13692
76680
14224
64090
-27736
-33168
75005
-480
1080
-1080
868
-6080
11444
-1800
-39120
10948
1776
-51333
-800
-5568
56600
13860
-80580
-4148
-1008
-13440
11020
-3486
15246
2080
6240
-9556
1752
-3360
6048
2952
-44210
-80
-29330
6240
33556
2688
-16440
33696
-42624
1408
63768
-3676
65978
-2160
5976
-6452
-40068
480
30000
-7924
-67698
-11870
11360
-14020
-6966
149671
960
-14364
-57664
16658
-36983
2688
16800
-2110
-424
-5120
-14832
7144
-42777
24583
96
-2800
2846
-8136
720
-13920
-31328
-6720
14700
-1440
-85824
11520
69660
-4104
58168
-54180
-5040
-29160
-1008
-4520
-696
13410
1920
1638
-62643
8880
30444
-6013
4480
7756
1340
1800
-3600
448
51220
-14132
-52380
3528
24346
1533
19204
-99386
-6300
1260
-15564
-14400
10800
-10400
-9080
-41440
62644
-384
5328
-1764
-2880
29980
4200
-17522
-9792
120
-1232
-20960
14112
47048
-146254
-708
888
-20034
23820
25920
-34470
-2240
110160
600
-134610
10800
71534
-11064
-91004
-2380
6272
-58122
-5820
-5280
1220
-29748
432
-672
-7200
22824
1080
160
5040
14760
-46200
4416
-80194
-11264
12480
10080
-192
2592
4992
-2080
-4368
-182
-8820
640
4536
37800
-5566
-5040
672
-6480
504
8096
35224
980
-18432
80161
-28400
-14880
11040
-4368
14312
37884
-2160
420
-18528
-980
-120
60192
11028
3840
20464
-1120
-31864
-36500
-144
36812
1274
-3360
-8800
-22050
4536
2990
1918
34848
-4480
-15120
-408
-1680
9600
5864
-28720
-560
14400
-3360
13500
-84
102080
-10598
37584
13168
-11760
1960
-179883
4224
-26892
-29896
-1344
-11520
2700
6120
-4984
-30660
-240
-19320
80678
31620
93783
-3118
3216
-23268
-55566
-71628
-28800
-680
4760
5600
-1274
-9720
2880
200
11760
5264
832
-8736
7560
-14000
-1040
12960
-22428
-11900
2548
-24852
-1680
122054
400
-43656
12476
7972
-28733
4620
-57408
4007
90000
-18024
360
-358
-462
36072
-31260
-1380
-11760
-78780
57666
-39580
3072
28840
-7776
2816
-5040
41104
-4224
-86702
-320
-1560
6300
-26148
-23316
-4860
-90888
-39212
-5740
7568
-8520
14560
13628
38868
-3024
-8608
2520
980
25266
-160
60348
-688
5600
-20790
-2328
-1896
1200
-71572
-45494
-20688
37930
-5144
36304
-55884
30280
18396
3780
44576
23700
-69120
-10272
-1440
-1512
-7560
39258
6480
79702
2956
-30466
1600
-3456
-2520
-47646
-80576
-30870
-30600
42336
65636
-69360
-8996
-1200
-6720
-2380
-208
5784
27072
-37480
91210
11478
18292
840
54720
-99384
-18480
-17496
1080
-3920
-14400
59654
13264
14664
1080
-400
9940
14008
-408
-21420
630
-840
637
-560
-78388
62271
-1280
-2240
-2400
-2016
11132
5208
-25572
1152
1744
1664
-24800
-204
256
-10316
8400
26838
-45600
-5760
12840
-3700
3760
37288
-21560
4926
35924
-7252
-33656
-53572
3674
-7280
15264
17248
46660
3000
-11340
-18120
3456
-12348
-4320
-7932
-3072
3808
-28120
1470
-2160
-15068
-15708
-8820
5292
1200
5376
-2880
11092
5040
8640
-41400
39605
1500
-21804
-5400
-7560
5120
-28310
-1920
-516
33936
6160
-28478
26586
-57413
-3360
30464
16464
-19620
-65212
-3456
-58680
10080
7560
19224
11340
13194
-15360
-600
-94572
2080
-89968
864
-71378
-4224
-18144
-18060
80
4032
-792
2640
6580
8480
-4410
80998
-1960
2584
3024
-29050
2520
7200
51776
21245
-60776
-3440
-512
1008
-57568
-39720
-2720
-14272
-46512
-1120
-57972
34704
-80
42600
48600
-112
-5480
-2536
9030
-3456
432
-32130
5320
-5280
-54710
36368
1890
83440
4224
-624
14900
16800
1080
-78058
25858
23760
-169960
-2718
-17880
-9720
-4344
5928
131688
58422
-9696
10800
-11088
12010
58016
16299
144
-21492
10080
560
72
14940
160
-44160
-7768
28583
27520
-169168
34020
21931
4064
640
-6340
9840
-70452
3600
-50910
-44756
-9276
-10608
188
-8946
16530
36542
3500
2160
-38856
88
-8940
-13670
-1680
-142
-4928
15504
-71160
30264
-37420
-13024
7040
10080
50732
14400
720
-13152
-280
-4320
-4368
-1260
-6552
17496
-1890
4320
24504
-23940
-2784
17640
-11520
-6664
-24192
-11354
75336
-6720
6912
-22344
100908
2940
2880
75208
10332
7260
-39940
1260
-1040
140642
7280
-30000
884
360
20460
1984
-11760
3780
20756
384
7560
-18312
76404
1888
-93096
-360
3960
5880
3020
20718
-13440
4608
-49160
17346
2520
12112
-63072
5300
19900
-20188
-67622
1408
7080
-264
10320
-3072
54880
-8680
-2160
-35640
-38878
504
-1344
-6720
3675
-6118
1080
-1952
8550
32886
18900
-125447
42534
-4800
-2112
896
-504
-980
-672
4760
-9600
-1680
13200
-1416
-10080
-95748
144
-1056
17920
13992
11508
93502
6720
7882
-3840
72342
42474
-36760
125116
-2912
4978
-1440
-6400
5880
68560
43104
-14700
-64800
-28140
-10080
9204
18920
1400
-2100
-5880
-3240
-848
3300
-5548
-99393
36876
26760
-58584
356
89514
110371
-5600
-1952
-12110
-5880
-46060
23640
14264
-41972
-384
-608
-11304
-568
15876
-32732
11580
-526
-700
-2148
408
-12000
5880
384
4200
67008
1152
-128258
6600
4908
100176
-144428
-3264
180
-26460
-25872
-57686
-480
-9720
-9100
-59948
-4480
-16256
2160
-75519
2104
-24200
-4000
-3780
14246
-20678
-34684
159292
37800
27000
-6720
-2670
13104
15680
-21070
-9588
-45968
-107276
12048
4422
8640
52172
30870
154024
-4648
-6048
-35472
480
-43196
-3900
-15840
-19922
12768
26398
-600
92604
-350
-1680
-12320
169165
-12642
3360
-4480
9720
-28800
-13680
-12760
20320
-13728
-960
46520
-7280
-1183
-5628
-19908
2400
-118552
-1112
-41292
35080
-47400
-4032
8120
-10800
-400
30386
-20560
-2240
6992
-86996
-5040
143938
-13056
2340
-9674
15600
-600
3240
-994
-3360
8520
-8160
-864
45840
10010
4662
-360
52446
-1428
37824
-38596
-25580
-23800
-8400
3840
-32422
-41282
6300
-8640
-13284
3360
-912
1008
85828
-9156
600
-1080
960
19088
27072
-26952
9960
-20752
15288
-22304
-27804
9096
-81466
-3920
-26784
3780
15616
-1200
39436
11712
5760
-42408
-1800
-133072
-2400
540
-141688
-21008
6460
5040
19320
-120
7064
-62584
-34776
-25200
-38681
144
-672
20874
-30424
4800
3976
-4200
-34160
33364
25592
1680
6688
-11600
-4920
75936
-49422
-2828
1600
-19470
6186
-20520
-1120
-280
-692
31840
928
-728
-2124
35280
-73862
-7824
-41616
15120
-2544
-2856
-2990
-70756
2400
462
36260
9520
-6498
9951
-1680
41712
-26172
-2988
14760
-1240
-20520
-1008
2590
39756
60918
184
20616
7560
5040
-35600
-2460
12096
-840
-9204
-4116
-38720
840
5076
-8160
-21960
-960
39760
59486
-644
1344
-12176
18812
-44040
-111492
-29140
48652
-51100
-9030
-5460
18720
-742
-1080
-8160
2472
1560
-32
-35056
400
-1120
-4236
56116
-13872
31630
-89824
-13750
-1920
576
-96
9504
1512
-14512
-3240
9984
-25308
-6480
500
-46850
-118550
9990
16800
53884
7716
-23520
-17206
58144
-52000
-20160
-68138
-3150
1312
-10320
-3708
26326
640
1440
15240
38880
-23412
1872
120
2400
11460
17640
-5760
328
18360
60384
-32400
-610
480
4640
7152
2588
-10110
-44300
8640
31600
66488
21168
16556
4640
149855
-37800
48
-15840
-7896
58976
94800
-34810
1428
-63312
3024
15088
432
15155
-16848
-112795
360
-28476
2750
52224
41706
2616
-7894
-2240
1960
-3052
-1680
2268
1960
500
2712
-7428
24080
3240
-960
-168
-2940
-25200
-25200
-30400
-1200
-840
-7560
-1944
-4284
32404
-18676
-80
-30240
12652
34944
44044
-27004
-216
28560
-55440
-5400
14400
-34908
41040
-7980
-7875
-10080
-5040
-17504
-32200
-23520
-1008
-19500
-2100
2334
-1392
630
33000
8120
2640
-1120
-960
36856
44268
5600
-71944
141282
30182
-130444
-11436
5136
-5400
490
25760
-400
21360
896
476
-10950
-1080
5722
6480
2910
-1200
6300
-17566
-5684
1320
-38352
-19854
-2520
-280
19296
342
6480
27300
116371
39720
9450
-4320
4320
71072
1260
-240
11014
11040
3780
19208
-86032
23520
56544
133764
15552
-4200
5104
-11116
-30240
-21770
-26652
-15096
5550
3480
4414
-9180
17124
-20580
41850
-4120
23832
11040
504
5790
-720
920
-384
-24108
5900
-5376
2848
504
-104580
5040
5096
-5040
-288
-17440
-89068
-5080
10800
-10368
-120
20412
20236
-13930
-3048
1080
-1440
7680
-74196
-10080
-1440
24605
3360
21508
-3072
-57000
-3840
-768
11724
6734
41848
27151
26754
-3668
90508
11424
35016
36590
-3360
-432
-5040
-2520
19632
-21672
2508
-14280
23114
13020
-192
-56508
7560
-480
-14500
96
140
-83940
7560
3168
32200
25552
-856
15480
-8608
-1120
1728
15820
-1680
12954
-62140
93714
70
-27752
480
60074
-6720
-38374
-29484
1292
744
23800
-10560
26520
67279
1376
-12330
-3324
5340
-2760
336
8860
-50400
-17948
-16392
1260
19336
11960
4400
-58764
30696
-10824
1344
1400
13608
12960
23760
6160
-240
-46186
156489
-64
-60
-1046
-12024
-35556
6840
19672
5880
-1536
-840
63168
-2940
-1680
-2688
-5260
-26988
-20604
53388
37894
840
-10116
33840
5400
-44720
12096
-28328
-10290
-3024
7290
-5880
2016
610
350
81864
-5132
-4344
58660
-6192
7791
29160
-336
-46548
4200
59870
-24000
17676
8774
9984
-4032
-3720
3660
-1512
-3360
5040
6960
-21252
-352
-24300
-69048
13416
-7840
27000
6480
-7776
-1260
-10164
-12790
3744
10240
-192
-1400
-53916
18734
-3750
17072
-12774
-107733
1320
-58224
23112
-39520
-13020
5880
18060
480
5796
4752
5416
1944
-2960
1260
3430
33390
360
12880
38232
104602
45972
16100
-115192
-49860
60
-1344
-19607
1080
80
-2520
-2012
13824
2320
25920
12312
10800
13996
-11510
-39120
8676
-12600
65888
1104
3350
-3668
25488
-980
-16024
-4272
-3168
14560
-43296
640
-64924
-6230
-420
11100
-3492
-27740
-10708
31240
34720
-2520
3192
4648
-17835
3168
-3324
32400
-312
34888
20052
-1624
2720
1200
35076
-1152
-1112
79300
2520
-58336
-59890
-28
-16352
-23378
-27000
6600
1440
-101900
11520
2160
84
30576
-16680
-30948
13080
-24664
-26986
768
-30240
60120
-6480
2800
108732
-1584
-22020
-31920
-26552
50154
-14640
63980
7260
-280
-490
-560
-200
3988
-33720
6960
-420
-1456
-1512
-23740
2040
-2536
10352
-400
-9080
-2240
46524
1920
17220
35379
-26528
3104
68428
-10640
77400
-11648
19800
-3780
-17640
-1680
11124
-47040
31680
-10260
-184730
3360
-14112
-5760
-23520
33320
-2000
-1008
960
4264
4949
420
-41580
13440
41160
-63012
-9280
-54920
-700
-2912
9660
9600
-7840
35280
106470
16732
-96
-86256
8640
3430
6960
240
-18900
40320
17928
74752
3136
22680
-19830
-7116
70056
-4096
3633
4848
-37494
-73276
-3048
1800
-35232
56212
1680
19698
-56480
3360
-25920
3150
1240
-29768
-1368
-7624
-17976
-84184
103298
-5280
5112
-72480
40680
-7140
182
4272
17052
-34580
-5132
-19216
6300
168
2520
-7630
-15876
-57610
2436
20220
2008
96
-2720
6000
-6660
2528
36880
-2800
13440
27090
-74920
-4416
21392
-3240
4800
-50848
21108
-4480
-8400
8400
-31008
5760
113952
5830
29280
3600
-34020
-16440
980
3260
-2580
3840
16708
2940
4032
-672
8420
-11419
-48
-5184
2724
-7000
-1248
-6784
-56168
-6860
10848
-22890
2940
36832
8554
18900
79460
-5040
7440
-7560
-280
-5400
-600
4704
28476
-3200
8680
25128
-1872
768
3024
464
3920
-10192
-64680
-6432
7736
4812
25360
60920
35684
-5472
1680
-8
8960
104088
210
26110
5724
-2040
-8040
17220
64465
1806
-39400
-31336
-28000
22680
-99942
3840
41430
-14320
240
-9216
6480
-900
29496
10832
-7736
3442
6000
4860
32816
25122
9960
-16324
-472
14644
-5976
-11616
-21287
8133
-6720
-560
17712
-21684
-76370
3480
12600
-66588
-600
-14000
-3360
83124
2232
31248
-73500
-41472
-6900
-39306
-10896
640
97120
-55080
13608
-1400
240
1080
9664
-560
1960
24696
66621
-17094
-62650
960
18960
1400
20580
17024
38534
-48600
-112
84550
-28560
-24360
-3170
-46029
-11049
-42756
-9600
2548
-13482
-34128
-64
6840
10640
2500
-216
-13500
-40110
12432
-7516
-24432
-34020
1920
720
6256
2520
-980
-121680
1512
-120
-20024
28120
-352
-64150
-72560
15960
31330
106246
23668
-500
960
5600
-4200
-13548
-4200
-9600
297012
-516
200
-2100
-62174
-1176
1224
24792
-30432
90872
-16624
2960
-1920
125864
-4800
40390
-10764
-392
-280
-42726
-8640
6514
-37520
504
57960
-120
3600
-792
-35314
1008
113450
12392
18468
1720
-4520
-1448
21836
-30720
3744
11040
-7242
-2640
49032
28342
-10884
3920
-1920
-39745
-14280
3888
-10804
11032
9840
816
2240
-19880
-280
11664
-72122
-55064
336
190
2640
-36346
32400
420
5344
-2352
3228
4080
-3360
-24912
-84
9856
-3760
7308
57778
20488
20140
38880
-3828
4320
-91657
-37800
5840
32400
-278
-8916
-30480
69292
20210
24948
-1800
304
756
-840
42544
53472
-3180
77503
72528
-11448
-31740
18954
-61350
3456
3220
17998
-1456
-58940
-40
-12600
-4536
-6620
-528
-24696
2520
14616
-7560
400
8960
9990
4640
6252
-1120
-15410
-20650
-4200
146212
4900
-49504
5596
77400
400
-6840
2232
22120
21744
-20580
-56700
116950
-6230
9648
392
20580
-4410
23756
-1848
-7184
5400
3736
59264
1440
24876
-17040
3420
3600
1152
-8128
7776
6720
8960
-75100
-35614
-6864
3780
-2724
-1920
-29760
24064
-10576
-480
-2828
5760
-8736
5688
-504
-101900
600
-95310
6048
490
-8520
36480
-49600
-37380
17280
440
1560
1728
-89356
-240
3120
10138
5184
23208
-72520
9520
-24080
-19904
-42208
23520
21900
-3660
-702
2880
-18900
60760
-28425
1803
-7960
5400
14512
8820
420
15876
-12064
-4200
3624
-8640
-5112
-7700
-8040
-6860
9600
-46347
65396
-2772
13312
2352
-83828
3920
29400
-5376
-10200
-21084
-9032
-20380
-28080
-38340
17688
-37904
-6860
-500
23408
-16456
4128
-2880
13104
-65072
-1470
15726
-25704
-840
12480
-31808
11312
4320
720
1344
-31320
14502
5936
-80
-420
812
-1946
24532
28432
-22456
12920
-212
13520
4284
-3888
7560
5040
4448
-2520
-7392
-2464
16000
-4512
-28718
-49266
5210
62280
-5040
-4992
46500
36552
5880
2240
45056
9648
-18760
-140
-18712
-4200
-1080
26880
-12672
17260
33520
71632
5352
-52390
-23688
-7840
3024
-4812
-28632
21792
-4272
-63000
-14260
2940
43792
-31024
-7082
4724
24720
-720
-16640
3360
14536
-37176
1152
-63782
-2400
-42240
11956
95128
-5544
24192
-18024
-40
5152
-45240
-392
-37030
-147560
-160
-540
6600
-7960
-134820
-12960
-32970
-16016
-11844
3840
-9488
1952
-17832
36288
21168
-118560
-5940
130220
52380
5820
-11336
1960
16784
10046
-1408
-3792
-80644
6096
-1728
-2982
12930
-75766
-336
-624
3184
9480
-1680
-30870
4254
28005
20520
56
-107360
3780
-840
-508
-6180
11754
-36498
16920
88
4704
720
-11488
-4608
-4320
-9240
-840
-504
29120
-29930
-10290
18592
33600
51240
-22680
-4536
-24304
-2880
-560
-24440
-448
24972
-960
-19618
35599
-41580
11464
-20040
13520
63468
17920
-5488
-22098
-4680
36124
-9058
-4515
2160
-5038
200
4032
-11874
1068
9020
-3972
65936
-32060
1140
31000
-11520
-98513
-20520
200
9456
112
38400
-220996
-90240
4320
40120
-66240
30240
-840
10860
2204
192
24880
-22884
-20160
23220
4800
-328
5880
-69980
4968
-10240
-9720
1020
-888
-720
29848
170150
-127830
2808
768
16560
1274
1152
2240
57327
15120
14960
-1960
6020
-1680
-255366
5880
-6830
-16500
70560
720
-25660
-48600
384
30600
-29808
-2870
31008
-2240
2040
-19860
5868
2460
-9600
-5880
11340
-51532
-12370
-11476
-1120
-3888
-1722
22848
5400
-33768
9202
1176
240
19040
15110
1176
120
-19000
2016
-7320
-17600
-74940
-70350
6256
-36288
39120
-582
13760
-1476
73600
-3024
-23520
-432
13512
-6048
960
8540
-38094
-12774
-448
-22824
-7930
200
-1400
-29832
38616
-7680
8520
44440
21344
1680
109612
-26754
-50336
-21180
15480
44016
5760
45120
-22032
2940
-34020
3150
5040
21168
-7732
-14700
-22620
-2940
-6000
11760
800
5400
3912
280
-960
-136494
-30240
-6384
-45838
52920
2240
-20384
1376
-488
-210
-119604
30342
-240
-9336
19444
-4800
31584
-11340
-5720
240
-28140
34482
-13608
-2296
-4104
32608
-2112
3696
-4176
-9720
2060
-540
-180
56064
73724
-4536
12036
-2256
10080
-1560
12480
-65693
-38080
2835
2604
28052
-5912
-16208
-190838
2832
-5630
40680
-668
-1400
109196
-5520
8568
-40804
2940
-730
-168
-1728
26460
30520
-10080
-1960
700
-4620
-17196
-89448
-2800
-49400
7200
-14112
-11880
880
-15680
-5108
-4620
20649
12782
-4776
-980
3216
336
-10992
29520
82548
-5144
3360
-7056
-16320
25344
-6164
-6480
-5400
20066
4900
1070
-186466
14768
-20108
7400
98784
-4224
-43048
12800
20408
-1760
-432
53676
-3360
-8016
-1416
6904
31120
-1116
-53740
22440
14392
-736
20696
16608
11068
-7560
24196
-3456
7400
19520
-13832
-3360
1248
-86087
-34020
103226
33840
-240
-6744
-61856
7588
-2700
-3376
-16320
7200
-1064
-1960
-2240
-3592
4032
-22176
-7344
82384
-16632
-1660
17324
-3360
15948
11086
-9000
3384
30240
1540
-2972
17280
-640
20036
103500
61880
-6720
25704
5920
22680
-2948
-113492
-69976
8000
-13510
-64188
-1680
-2660
48
-9120
51216
-52848
1680
11760
-67478
96
4974
-5496
17040
-110664
92276
12560
1050
11760
1920
-48238
17080
-5304
-8960
50808
-24894
-149664
200
7320
-23760
48
320
1336
-378
73728
2748
3160
1080
28462
4944
-9786
420
85964
-1512
-364
-2150
-16440
-54722
-5400
-1680
92864
37100
-1056
63690
3080
-11340
-56460
-17736
-8448
-1908
-51408
