308
-454
-120
426
54
20
135
-301
60
-216
-510
189
-306
414
40
-79
506
-306
-180
460
-48
-10
-252
-20
-56
-100
-630
-441
-112
606
315
346
-884
-56
-24
67
280
-30
-210
98
160
1001
-36
255
-46
98
-315
-24
48
119
330
168
-126
-409
-280
-216
-25
-720
-863
108
-370
-118
259
60
-567
44
-231
168
116
441
-126
476
152
450
-986
-245
-360
-21
-384
84
182
-14
-420
-126
117
88
278
378
-12
-106
168
-60
-750
276
-20
32
-72
126
70
-144
-28
20
102
-168
348
24
-140
-94
-98
432
180
-70
40
36
468
6
279
-24
-24
315
-42
580
-1138
-225
-104
48
-189
261
-80
-259
166
-172
-120
-567
-89
273
-558
-20
-315
-720
-207
70
-574
140
183
685
-220
-72
28
80
-12
60
189
-216
-418
388
-85
-574
-52
84
294
-252
48
-225
64
-145
-217
-32
-7
84
-652
-40
203
360
299
174
-105
-441
-710
-441
119
-186
-147
251
-420
28
-112
-50
-6
500
-378
-28
-60
-48
-370
32
-126
66
56
-266
-14
216
-76
315
130
630
-8
222
-42
255
-378
-21
-42
-180
244
24
72
168
-558
112
-52
-78
32
-524
112
61
-88
20
-455
-67
42
100
-348
-12
48
60
-16
-22
252
120
88
-160
-220
450
-45
167
168
152
111
126
-180
320
-497
1583
109
98
160
240
108
-54
-240
84
276
-308
-306
60
84
416
-261
38
-122
-504
36
-405
350
126
-36
-189
567
402
-336
-225
348
-120
-261
-345
370
-14
-54
-144
-104
126
-24
396
-90
98
709
-374
24
-154
-378
120
-72
-48
-98
50
-108
-36
-346
67
162
206
203
24
138
-234
-126
-406
400
378
-144
-42
162
721
-21
-130
900
-225
140
88
24
-414
150
-140
72
70
-600
50
222
36
-23
72
70
99
330
310
-210
-118
-10
-189
408
125
-59
-12
280
-12
112
414
351
392
105
51
214
-504
273
75
-56
-210
-99
-54
-257
-324
-396
-268
24
-108
-64
-70
-150
378
28
90
-360
126
315
-112
-14
108
356
80
135
-175
108
-80
28
-290
-514
-100
441
294
-24
-441
-29
108
-178
-330
372
252
-270
102
-42
40
-30
-50
-330
567
20
216
-684
16
-18
304
660
120
345
315
-402
-544
20
48
-27
42
126
27
386
-350
480
29
312
255
42
485
508
-40
-189
-6
65
-84
-736
-112
28
112
126
-189
504
140
-158
911
180
-12
350
-126
-90
-14
-72
-12
-567
-139
-305
56
189
-540
-30
98
189
-6
495
-30
-356
163
84
-279
949
80
567
-98
-18
-390
-100
120
270
-14
140
-84
-240
-150
-42
-126
-36
-62
-504
-147
378
125
184
-30
348
108
222
-72
72
-287
20
-12
56
236
-92
144
-120
-276
-424
16
69
-152
420
630
-702
-140
159
56
476
-100
-140
-702
60
990
-98
528
-441
-375
-12
-202
84
70
42
48
112
-368
216
692
531
-263
441
397
82
-432
259
523
72
-408
420
90
105
-28
-12
-95
-441
-74
-416
504
640
-50
160
148
30
-441
-363
54
-168
87
312
528
162
-126
-182
-50
327
392
70
40
-666
108
-200
-68
70
38
524
-84
-88
-100
350
-39
-243
-16
96
-198
-96
-250
140
144
80
299
-245
105
76
-160
32
-556
-30
-108
670
260
-230
-504
370
133
138
210
-315
765
878
540
175
-504
-28
-105
-208
-476
315
189
-471
-315
720
61
-126
-84
-112
203
-54
-60
300
162
-48
102
-10
-210
-90
567
-90
-82
-60
820
-414
24
51
-250
72
-196
-630
-216
606
-210
540
-21
-189
-156
-256
-30
271
80
-3
-150
90
-606
-270
-38
-120
-24
8
-108
-273
-30
110
66
-102
-144
-341
622
-126
54
-48
69
-462
70
-750
-270
504
-567
-435
-137
-72
-78
67
-399
-74
64
27
280
238
-98
162
70
407
-686
-18
-10
497
-140
-630
-504
2
-144
24
18
306
-315
441
-120
280
18
-46
-90
783
788
315
110
126
-540
-246
-186
54
-270
-606
203
-20
-80
310
-45
150
24
106
492
-10
28
90
275
60
1
-324
91
344
168
-249
189
-140
-704
70
168
54
-42
-120
-234
315
-378
-70
-360
-225
296
-240
48
596
-216
-120
28
567
-216
-42
405
378
-21
178
441
-45
-54
-252
81
-1088
-42
96
-20
-91
626
450
-168
32
-47
106
-40
169
-306
336
189
36
-252
-300
-260
21
20
-315
140
878
-234
-56
-98
284
-276
522
10
-42
116
680
9
426
-352
189
-84
126
414
42
-882
174
-370
-36
98
29
40
48
200
-72
-42
72
-200
-90
399
24
-186
-32
-92
-450
-72
21
160
-566
-630
-36
126
84
-126
-186
-642
531
-112
4
-255
-504
70
311
-200
-756
-315
-51
306
-1150
-836
362
28
135
-216
9
324
-96
108
168
125
-255
4
-48
48
450
-1013
216
-203
374
-250
217
63
-591
-250
-294
-84
-108
-309
-144
-735
-6
595
378
-196
144
-196
-380
-378
2
90
156
-153
96
270
-90
-413
-270
-334
180
504
-99
84
199
-231
140
-567
-42
72
-24
-315
-112
-68
-90
-112
-21
84
189
-378
189
-42
-198
-590
27
87
-222
-408
189
-50
-504
255
162
-342
-12
222
270
549
28
-120
-11
-61
14
-144
4
216
54
-264
630
-105
-399
48
-288
4
32
567
252
189
-270
-511
162
-144
-120
-180
140
378
-154
790
162
20
189
-30
136
-42
175
42
108
-525
230
48
-504
-957
490
-789
-126
50
330
-26
120
18
-12
-378
-57
189
450
-120
-384
476
-411
315
-60
-78
-168
283
595
252
30
300
-216
-408
32
-252
702
337
-630
-38
-6
72
-189
-52
-156
150
376
106
476
36
240
336
-119
90
444
-48
-126
240
60
-76
168
148
-234
-24
27
-378
84
-12
460
48
92
-196
-144
300
-108
291
95
126
-189
-42
230
72
203
-412
66
-126
-113
91
120
84
-468
-444
466
477
56
720
-594
-117
-12
756
-100
-90
903
-245
-196
177
294
80
134
58
4
-378
280
432
-236
-201
-42
-441
-270
-24
329
-250
70
63
-21
844
22
-70
-351
-98
150
189
336
56
-30
-82
-63
380
-133
32
578
30
378
630
-20
-180
-108
-126
-54
-20
70
273
-225
-119
-279
48
60
-20
336
258
-246
-78
-28
27
-315
-60
-414
189
60
51
-343
-252
-168
98
531
-264
-208
450
416
64
-358
-42
63
-309
54
-60
64
-24
-24
-782
102
-189
-333
-442
280
392
9
126
260
378
14
-540
245
-111
-12
-270
441
432
-441
-320
378
-90
685
91
162
126
-1017
-882
-91
99
336
-52
27
12
24
38
189
96
-90
-315
-225
-1060
40
48
112
54
-592
-42
-720
-126
114
84
273
-30
276
-36
-126
203
28
-16
-6
189
168
-32
193
-90
-21
72
-146
500
-140
382
-42
185
698
54
70
-196
515
444
-63
168
-14
182
1385
528
58
-162
166
-186
-180
162
295
-84
278
747
-200
-409
-18
82
260
390
-1564
-108
80
-315
28
102
-18
390
-480
-126
54
-414
-6
140
-42
392
-104
-432
-56
570
-524
386
-600
627
630
-90
-186
339
183
189
54
-126
315
-84
-546
-116
-96
348
140
378
-20
-378
630
-99
30
184
126
34
270
-882
140
40
-387
420
312
60
24
-238
-259
-196
92
769
48
-254
213
80
270
116
189
-505
-246
-1069
54
36
-974
378
50
-528
222
760
-72
-21
378
-54
-14
69
-245
43
800
-14
-414
-118
376
-189
860
-120
-105
416
-28
-120
98
-40
-28
441
151
-123
112
212
567
48
-168
278
72
-696
-70
-406
84
40
-720
110
43
-336
-143
-204
110
-450
-140
405
-12
-13
126
270
630
181
315
-278
-168
-504
315
80
-252
-10
-276
36
54
24
-38
-120
400
65
-84
-186
-18
96
-558
128
-24
273
-284
98
108
-480
-147
234
567
-504
-186
-315
542
30
-21
-112
-124
6
-114
-855
-468
50
-198
-50
-231
-378
48
-300
-24
-98
-400
48
-48
898
-42
-224
-42
-84
-162
-699
276
330
36
-140
140
432
-684
-82
315
-268
-929
180
441
377
258
60
-28
46
-287
105
-168
-178
-98
-84
-64
87
-260
-510
-441
623
30
28
48
98
245
-10
350
-42
189
-789
522
-126
-108
-101
36
27
80
-315
580
450
28
90
-124
-330
-70
504
70
108
54
322
178
-402
-312
-450
-126
-314
-16
-189
252
-126
-21
91
-152
-540
291
-56
154
-90
-272
246
162
-60
189
135
-200
608
-156
-702
-72
-150
30
400
28
-100
-390
-140
255
274
-252
84
-30
-294
-84
91
-70
-12
361
-200
392
-432
28
-55
-167
-24
-315
-140
-315
-273
616
306
243
15
20
-318
-312
-345
1406
162
154
-120
-530
-505
220
-229
14
280
64
-48
-154
-426
-290
75
-606
-112
-630
-144
378
22
-86
422
102
410
-894
-175
230
-60
378
162
-250
-260
-140
75
84
-414
-424
-315
-474
699
-12
-1226
508
-186
-12
112
-21
627
168
-613
-112
378
-315
-166
-294
-8
-42
90
84
38
288
-294
-3
-180
-54
-315
238
140
386
-200
162
556
-100
-568
-21
28
108
-105
378
214
-432
-140
-441
-567
-24
250
203
318
54
-27
189
-387
-324
-210
-16
76
-92
-189
126
970
-126
-24
30
126
-48
291
-602
175
245
140
-108
193
-487
-548
126
30
-99
42
-70
-24
-350
204
138
-478
332
-48
378
30
180
-189
65
630
-147
252
-84
-512
-98
-96
-147
108
70
189
456
-70
-503
-24
576
-180
-566
-70
91
63
-600
-168
-23
-574
-245
-50
-243
315
-108
134
224
-108
80
-630
189
-378
-42
-48
-168
400
54
120
189
108
24
-378
-20
20
-10
48
528
-32
-558
69
386
-76
133
276
20
-196
-405
-241
210
162
-189
-20
-18
104
-315
-450
45
-399
65
-364
270
-423
60
-287
204
-441
-140
270
-360
127
-126
99
-167
90
95
378
75
-30
315
-483
60
-216
-250
-120
-63
108
-126
270
-196
126
162
232
38
-300
-6
-25
-14
-70
-88
-88
-180
67
140
-48
-36
-574
-10
-30
-240
-180
12
-177
28
-40
105
-20
626
-126
-315
99
-42
99
-64
-48
300
324
-100
189
126
-273
75
60
-36
280
189
285
96
40
-241
-400
148
84
164
300
378
-42
108
420
626
876
-110
-216
-464
54
28
-42
-387
-12
40
-360
-478
-126
-441
-116
-441
-14
-121
178
-98
28
-147
-196
84
156
-560
-24
-116
-36
-58
-54
-630
-1450
67
-67
-12
58
58
85
28
-36
-95
59
-255
-6
54
-112
888
-294
441
126
-168
612
72
102
68
168
-882
84
-20
-50
651
-35
327
489
-420
332
288
-245
-48
582
666
2
106
162
246
-18
-204
189
42
-112
-126
-54
189
515
-108
273
-294
-441
304
-40
-70
-573
-12
392
570
59
-399
-6
-315
49
72
-238
-630
-120
-591
630
-189
-200
-112
-540
714
-350
-168
-223
662
432
-252
-540
78
900
-80
28
54
-260
370
301
50
-252
105
-98
-408
-28
702
-327
308
-119
308
-112
-154
28
622
378
-138
70
630
-266
-126
222
-42
-846
-702
-168
12
504
136
-42
397
175
24
140
140
-252
28
-198
-189
-108
174
-12
-72
650
-720
-250
56
21
-144
-147
-370
-450
4
-441
270
-30
-495
-190
274
-100
567
-3
258
-266
91
887
-210
123
156
-324
186
-6
-8
29
-595
-28
250
80
345
-348
56
450
-189
186
178
108
271
-270
-154
-986
84
567
-142
-168
-108
-270
-882
-372
642
-90
-38
-126
-180
-12
135
-140
44
-168
-150
280
70
630
-112
-70
315
14
15
-86
-114
210
63
-92
-750
-416
36
-240
43
-150
540
-343
569
-50
-36
112
-158
-94
-360
-46
-32
16
300
108
-28
189
-156
120
-126
310
-70
48
175
-105
-252
-108
-12
162
20
60
-270
-320
59
-205
-108
252
69
780
-399
-123
-378
-70
102
-744
296
30
-84
224
534
-12
-80
336
-168
-128
432
-300
-8
279
-90
175
-216
144
70
-96
-399
9
-120
-86
-567
276
247
50
410
-42
-36
40
-10
346
50
-406
-22
-676
95
-70
-10
84
-108
-240
-270
84
-126
940
336
189
-28
360
276
-294
32
320
-18
-105
448
-315
60
-222
378
296
519
532
315
-168
54
-57
-99
300
-340
-147
123
112
-210
841
-398
-25
-450
-338
-308
336
1245
-369
54
-21
126
-100
-144
908
-108
476
280
310
-16
-4
970
333
-432
-10
694
252
108
-56
516
-154
619
240
444
142
222
80
-111
-21
178
-238
-306
-72
-100
315
20
28
12
-84
-70
45
273
294
-80
-55
90
-78
-540
-324
350
90
148
-27
273
397
-70
20
788
-693
156
-441
-250
-6
-126
-12
-126
-25
120
325
70
189
72
630
56
105
-118
54
-441
-392
-360
-189
70
630
-606
115
-40
-910
216
-204
-126
-384
-315
-886
-42
36
315
-372
635
200
-168
-135
-200
336
685
-465
-78
-24
335
259
-243
-14
-126
72
96
-318
-85
-98
-570
225
567
-423
650
154
-48
-6
207
-6
120
382
-270
-347
162
-315
162
70
330
-250
71
270
154
98
276
220
54
15
42
-84
-940
98
189
144
72
86
112
144
-441
-294
-45
-144
378
441
-402
-135
-441
-320
809
-538
42
126
60
-489
-606
-147
28
630
162
-546
-1071
-180
189
-260
64
40
56
110
-136
-440
-12
-12
160
-210
104
48
-42
135
54
-804
-6
-98
-3
120
-450
-98
-140
-176
-22
-220
-30
240
-152
348
-21
-306
566
96
108
-252
-540
-20
513
-24
420
306
-827
240
648
24
-399
22
50
12
-332
-15
-57
-126
60
-63
304
-255
18
280
42
-225
-270
48
-1026
-276
-175
-96
-613
2
45
174
-72
-105
295
98
24
-54
-70
-70
-147
98
-140
-441
-480
-196
786
111
74
-137
441
-250
-98
-341
189
-119
-125
-468
640
28
-62
-57
-594
280
-381
504
105
-26
-11
-126
-118
-168
315
108
-216
112
40
-42
-125
-781
-230
-432
359
-224
-146
-630
-21
-217
108
-126
138
-196
-540
30
-462
444
955
-374
-104
456
48
342
48
-90
-432
-120
448
279
-62
-80
40
-210
-150
28
142
216
-406
12
60
-497
315
-152
270
504
-756
-586
-98
-270
-378
189
-24
-186
210
-432
135
56
180
-80
-14
80
22
260
-48
22
126
189
32
-36
32
-254
49
-606
126
108
315
-216
-252
-56
-48
212
504
-582
-929
-95
-198
-90
112
126
119
-100
-210
175
42
-168
-90
88
108
524
28
-261
-12
-84
-67
-182
20
-720
-260
-98
-154
515
-84
72
270
-160
108
-441
-126
-126
32
99
-10
-200
-1134
497
54
-378
-140
91
-90
-366
-270
108
175
-393
-126
-36
-20
95
52
222
-378
-56
200
-22
378
-140
-90
296
-378
200
287
108
-160
56
-158
-144
-435
-424
-108
-54
426
24
746
36
366
40
75
-441
-345
-100
-36
-140
337
-468
-140
186
20
-252
64
168
90
660
-72
-234
-50
-62
5
20
-595
460
280
48
-275
-189
-347
-535
378
-324
-315
350
10
516
-20
284
-60
-168
-231
407
66
26
-84
-42
-736
-10
-30
-120
-209
-702
-168
-117
630
-80
-702
-56
168
28
16
-84
368
126
-84
-140
-30
80
-18
-21
186
-522
-630
162
102
270
441
-70
-126
114
-12
-90
-497
36
-1069
-54
-24
378
-439
54
747
72
105
-42
276
-273
-315
-38
81
-90
48
10
206
-441
-393
246
280
-147
-72
65
898
-521
280
140
-628
183
-140
-6
-56
-36
-21
-306
50
-362
-260
-441
489
-42
-388
-144
112
54
-126
276
-42
72
14
-200
-126
30
-18
84
540
-171
-240
102
108
54
294
-28
-170
1035
48
-126
60
-98
-108
-264
-84
-126
567
240
-140
84
-480
326
32
-54
36
-272
216
-46
-54
-504
-40
-210
309
168
378
108
-22
84
189
-180
344
416
-450
-402
296
100
-180
378
270
-567
196
504
-324
-18
70
-6
-14
84
360
-276
-72
12
-300
90
-308
-186
-44
-234
-36
40
42
-326
-240
-363
780
70
-500
420
70
-84
69
-380
216
-270
60
130
-252
70
-528
18
20
-642
-750
-186
245
12
-108
-378
-270
-406
-140
270
500
318
-279
-42
-630
-168
-140
355
30
168
-441
448
-360
480
122
-90
108
30
-863
111
54
-324
390
48
-30
144
116
426
66
-70
-441
-126
126
100
-120
-126
-70
8
291
-126
-190
203
112
-441
504
-630
-558
255
244
378
-459
48
45
28
190
630
426
90
-630
-54
-361
6
382
583
14
108
-314
-6
18
-228
-50
150
-323
39
96
144
-250
-338
441
-16
-18
-100
378
216
126
120
50
162
472
12
92
580
92
-63
-42
-32
-162
291
40
-10
36
-16
-273
-100
-126
-400
-504
-105
-9
-168
-220
54
-63
-332
15
-30
126
-294
6
232
189
10
-511
-70
-252
553
-617
84
-39
98
-399
-140
-108
210
95
-100
560
315
280
-49
-26
-20
-126
-570
273
-140
144
-120
-908
-70
-358
135
-231
126
-12
891
696
-402
98
203
50
-402
-250
-156
138
230
119
90
-332
-126
-40
549
108
-483
102
-60
52
-36
96
84
150
108
273
-28
-617
-315
-12
189
322
-12
315
26
-216
180
-130
243
90
-250
-20
-96
100
-726
54
-98
174
-22
-413
39
6
216
-84
348
162
311
-98
-13
-450
445
1032
112
-20
-112
111
-629
-339
-245
-98
-180
-63
-374
214
54
-140
-18
-84
-480
-116
246
28
-324
-217
72
112
378
-42
60
95
-86
-22
22
642
378
-154
189
-1219
-521
45
582
162
56
-10
-140
-210
-423
-56
-50
255
468
-450
-98
70
80
-80
6
108
840
-265
26
-180
273
108
70
-228
1107
84
-189
-165
-10
24
54
84
882
315
-118
100
504
-612
-402
42
126
225
150
42
420
-504
216
-36
-108
-273
-36
270
24
-333
68
126
112
-432
-189
-70
-370
-193
162
378
-10
567
-70
-54
-126
296
100
-343
650
27
-340
-24
378
60
-140
-216
-156
-512
-21
-42
70
84
16
-315
-606
-180
-315
-118
108
-29
-196
315
274
108
273
-54
20
30
-168
20
-96
-28
12
-152
71
-58
-114
261
-1386
-378
524
-150
183
230
-196
-252
-66
-67
-468
-6
-104
-28
54
66
110
30
336
104
-112
-90
54
-90
90
50
28
189
-158
-196
-658
203
50
232
476
105
378
-36
567
-658
-30
4
622
10
888
-64
-497
151
475
-318
126
84
180
216
-175
378
-100
-450
-524
70
-16
-222
-105
-555
-252
-720
-390
-827
126
-108
350
70
-192
528
56
348
-84
174
-18
797
287
189
-192
302
660
126
-220
-40
-399
-20
-497
156
680
84
-217
-90
330
-63
-18
82
-439
-198
-48
-105
-30
450
76
-80
-720
-6
624
28
258
-98
-42
315
140
656
-60
216
-399
-238
-225
587
280
-264
120
42
116
-30
-288
-147
-720
-693
270
-42
69
98
-42
-104
623
70
-149
-80
-154
856
191
9
-63
-68
723
-112
140
72
-161
108
441
30
378
-192
120
70
-86
-67
-6
-105
273
294
-323
8
-315
40
-12
-84
-684
-126
-595
-12
90
-378
82
-720
-20
136
-70
270
127
-225
-42
-140
-170
60
-40
42
96
-175
168
416
-378
117
378
378
-270
497
-180
504
126
-82
-252
119
300
-24
-306
54
565
203
-72
372
386
-210
315
24
469
-252
-200
-100
178
-63
-312
148
-62
60
378
-162
-42
-104
-158
-276
-189
-28
126
126
54
168
-1070
112
600
-442
336
312
-168
40
-24
-264
270
-540
56
8
240
450
72
-54
-90
162
-50
84
492
-100
322
10
-390
28
-359
-343
-42
136
85
-610
535
70
-152
657
-21
-90
-270
-56
-414
24
330
-264
-704
-72
252
180
-538
-189
63
-139
320
-84
378
450
-192
-539
-666
89
276
189
96
360
36
-56
-46
80
-98
-6
8
-276
450
-126
-20
28
-42
-326
-370
378
450
523
720
180
-318
257
232
-207
116
1017
386
-400
36
-14
70
156
26
-280
483
180
189
-420
-216
-883
-168
4
-28
8
408
70
-387
-17
-710
11
-432
189
280
-620
-497
14
-122
-432
-280
280
27
84
-173
-36
-176
-3
-240
-144
-12
-68
-273
-710
-170
189
108
-22
189
255
24
-91
56
-84
-630
18
18
-567
-570
-336
-36
-67
189
752
-189
-174
68
112
-76
-86
-420
350
432
-315
216
-102
108
-90
288
270
-450
519
105
216
12
694
1179
-108
200
-107
-120
-537
273
-362
174
-72
204
-441
-24
102
699
-125
36
392
-220
-144
32
630
67
-378
-70
-280
-100
96
-11
823
-70
378
-196
5
-56
50
-252
-234
-210
108
189
-306
29
90
-250
-169
216
-320
90
-315
-42
180
36
-6
480
-252
6
-234
86
-20
-108
-11
378
98
6
-225
-378
154
-180
54
-168
498
-72
-270
162
-80
-426
-558
32
80
96
-591
-652
857
-84
468
911
-504
-627
-450
-438
189
-12
178
504
-70
133
-68
-375
-544
315
225
567
315
426
78
-112
-126
278
80
-364
-54
280
54
-70
60
-238
-40
138
-468
70
258
-80
-315
-42
-590
80
-399
-336
280
-594
-710
-24
92
183
90
64
280
-656
-42
717
-182
-42
98
162
189
222
72
-108
120
180
84
-510
-98
252
-42
90
-350
-33
125
-140
-42
-512
-10
-670
596
149
-88
48
142
567
315
378
567
-730
-84
-84
330
-63
90
-252
48
-94
-39
36
-240
-190
72
254
-565
60
-42
-378
530
111
35
356
-147
168
-100
-70
-98
758
-270
-413
210
-441
531
-168
504
118
292
60
-444
546
-250
84
203
40
694
396
222
426
189
28
-6
-126
58
76
-10
-84
167
-70
140
-54
100
-393
-18
252
-126
150
-912
280
-69
-414
388
105
-193
378
15
-11
58
-126
-390
-374
-62
310
126
-48
68
-212
492
48
-24
-399
48
96
82
8
84
441
-108
-48
140
140
100
189
495
-48
-114
567
-558
-140
-284
315
