-60626
-5402
-2408
3915
-5761
-3314
8958
71304
-3192
9286
-4320
768
-15960
3360
-28008
3920
17640
-7254
-13306
-207
3900
10500
-2800
28239
1296
183
3103
375
15888
-63504
-1568
-3909
-420
40916
12050
-3974
168
-180
336
135
-13200
57472
2025
2870
-8400
5580
-11340
900
8168
-792
2520
23426
256
59299
166
-5400
22250
-3951
-34584
74702
51317
1960
32355
7728
-939
7982
22278
7875
794
-394
424
-4200
8100
-9720
-3600
1275
34552
-18816
4704
-1820
-1824
-11070
-4320
-3192
-9639
13215
1000
4690
-13230
6340
-3714
-1830
8640
21399
660
-28485
-207
1960
-8130
-11970
-22680
735
10376
2400
90417
350
-14660
192
-11760
-12960
-15960
3209
960
16772
9282
-6678
1785
351
-1803
4234
-4603
-4550
-9782
-7164
-434
37238
13071
8736
14985
1440
-297
-44442
-14868
2240
2604
-2016
6110
-21441
-13620
-6405
7434
10170
3960
-100
10290
2970
3080
-210
-52316
-2520
22358
2160
5568
588
-6294
634
910
91
-336
-1680
7068
-27456
-16200
-4194
22134
-35700
-61974
36588
15456
-7350
28690
-71703
-9838
-31936
-25350
6480
810
-9444
-79002
2970
2100
18054
57792
2275
-2706
4900
-23713
-44685
-680
-490
-40113
-63
-1236
12960
-18060
13134
-3870
1794
-6000
8827
-816
-15162
-294
567
-6240
1050
-1320
-504
-9786
7416
-24567
-252
1500
-10169
11564
2940
104
7980
-953
-6600
4752
-2979
14280
679
-5600
-23100
-11850
9270
44050
35280
-2160
1680
34765
1232
1368
-1890
8821
910
3360
1960
135
-2352
147
-480
-252
36656
-867
-21588
300
3360
-2334
3950
1050
2880
-27468
2070
-6177
14480
-2180
1341
3975
1169
-42
-1682
4716
-505
2625
-48160
34736
-2205
1881
-14994
-900
3650
-550
396
2996
169
4968
54576
-190
-7350
17700
742
17
-1431
-44100
-66406
-2793
-697
2800
2157
735
-603
-22140
-13440
-22435
405
16200
-15490
-5856
-2352
1512
1296
-12600
-2835
-7855
16128
13257
-9840
-210
11646
3920
-37305
-54840
-461
-12380
-31200
604
-7497
-5535
-2250
-53228
-1638
-123
-35
-441
-840
-180
556
-906
-13440
23584
-3990
2328
480
55860
576
12600
55458
29400
4788
-11025
-2625
-1080
34352
-13440
-2100
-20330
-2376
810
-392
3520
24
-14994
4887
-1224
216
4575
318
10398
11868
10430
44163
1826
501
420
-525
39771
-16500
-4597
175
-2800
12600
3360
5306
-2220
13993
-2700
43155
20646
-3284
-6135
-6720
11580
-16080
-11970
35712
9091
-20250
-405
-2025
1680
-25920
16014
-525
-22611
-23508
-5
-80640
3150
10008
-13552
20592
12600
2160
-672
192
-3467
-38360
67246
345
-240
-360
-59570
-920
-150
1770
35433
294
20160
1050
15315
1140
8400
1715
-1050
1350
1560
-17717
840
-2577
-16464
826
-54288
-350
49266
5250
6360
52272
-22230
-3726
-6181
3863
1400
335
40500
-5831
22778
3240
-156
19662
-17220
177
1296
-17640
145
1548
-1750
-567
-92
-16413
-47838
-878
-658
5988
2475
-1400
-32544
-3920
-6596
7908
-2988
-13440
2700
18249
-22050
2850
14040
1522
10535
-14544
-1400
2636
-49
420
8400
7840
6045
-20856
46894
-231
-1494
4230
-24360
60334
13950
12320
630
-29890
8400
-29520
-19636
-5687
-1379
1680
-1270
10800
2604
-4350
4116
-44954
-15160
-3170
-2514
-4752
14435
-26068
438
375
24696
-2909
-46107
-3792
-3000
-48
427
-1472
45123
-1750
4344
-81088
2888
-10992
-2680
-18711
4599
1890
2056
-3240
10545
245
84
-13850
-13421
11106
-34991
-28420
2142
3520
-1449
3423
1274
-1008
-7000
14616
126
3696
54
14994
-1110
45483
-1516
2286
-5058
-580
-17808
5880
-3580
-105
294
-1197
3136
1161
288
7840
-2856
-5740
14805
-16200
2079
-3402
-4768
3432
-1274
15820
5966
14987
-2100
-16800
-896
810
10292
2940
-1728
-4900
-6048
34902
525
393
-10642
-8045
216
-6883
512
-746
336
-35
1681
-816
1512
18
-24
12610
2520
11412
8327
-4809
-10000
3300
-2601
-784
-11792
-1008
1980
3684
1536
1777
-8918
-45159
-7350
5517
1508
750
7280
-2016
2142
50055
5634
35
10080
-4097
5880
-405
12964
1728
-26325
1440
960
31434
54495
-480
-2385
1392
22680
-369
-2052
-4798
441
-5451
42844
98
-540
17690
-63087
7360
-24624
-4320
9828
-1800
1680
11760
2352
-2093
13065
540
1383
990
-2520
-5272
-3920
-54150
31048
1485
-300
-3745
-480
22050
14175
-675
-981
12014
-9408
-7350
-45122
29980
3935
-1360
1926
428
284
21350
1356
-5424
-2367
4242
1899
2058
4410
-28790
-7632
-945
-8881
-2043
-76268
-1531
-483
10080
588
6924
-6300
18372
-9072
-1960
-10605
30723
2223
-560
2640
-22500
-44929
5390
4786
8280
34686
1120
-11760
-6729
165
-1125
4900
14808
43704
-224
-4080
507
5940
-800
-12800
33513
-1400
1164
5146
-168
-1920
-17802
9819
910
-3761
-15
-192
986
6160
-10910
-6558
6747
7087
-38430
-6650
-2025
15120
4704
1085
-324
5200
7350
11458
3620
-2496
-2590
-70948
-33042
-294
-3105
150
-2902
-56
4550
890
-2728
32558
2940
-363
-735
-9360
-168
-800
-31649
-1848
-15840
-10080
29400
660
-1456
-16900
-350
15795
-784
1260
6464
1980
-672
-26052
20580
293
1680
705
-2400
-8700
-16200
2280
6792
17712
-5408
-17640
2898
-392
224
8400
144
3213
44891
8804
1050
-8088
-10080
1568
300
-16240
54983
3142
-6965
980
-52974
1955
-26971
1344
200
-4704
16596
-25620
-11520
-210
-12923
-600
-8400
39886
-30320
5120
-1350
73710
-4524
-1288
8775
3672
-1176
480
495
-2040
-6405
-1095
-168
-2352
-47439
-2828
-1650
-3134
2160
8432
-8202
-27063
-5601
2280
601
-1470
838
-13720
-5131
3129
-7100
16716
-2271
-2529
2394
3082
-14553
-3990
-25920
-33333
-650
4896
-15680
405
-5400
-34342
-4978
-10948
-560
-12718
-210
-5250
4691
-15577
-2487
115
3360
4976
-318
11376
-2916
225
-18080
-10368
1428
315
3360
-3136
-8019
3375
-7840
22620
-140
1580
-4512
162
3360
-5154
-100
56070
29982
-90
1134
30234
-1680
5130
4397
4991
-1470
19644
-70
-3024
3348
348
-20817
-26413
-3332
-20720
3843
-2520
-396
-3600
-23393
-7825
4025
-896
-2100
-67508
3170
-1656
-1011
12600
5670
-696
3171
28581
5880
-3675
10326
-6458
3024
315
-1050
-3766
-2688
1116
-3365
70257
2700
6440
513
-4032
-216
-4962
-1395
7200
882
521
10520
-11151
-8493
-2744
420
-1035
-100997
467
5940
4704
5110
2100
-1176
-392
-24
-588
496
-2195
-5096
-20435
2000
4050
-18650
-3600
-12642
30870
560
-576
17640
4500
8286
10920
-3300
-6270
8155
-19090
2450
-20160
-21
-3890
209
-1686
-710
-12740
7626
-12423
-35280
-5400
3402
2400
-32866
2250
-3635
2038
420
-4380
-5236
20160
-210
-210
990
18800
2235
17856
-2199
-4200
420
1540
27438
-26840
-560
-679
-315
-84029
-14734
6090
21280
3222
8120
-1750
-37146
-3360
3528
-1110
10500
-6680
4480
8278
2142
-1400
8325
-13752
19320
1680
-420
-8400
-4186
-1750
2415
-11755
-3340
-22770
-13412
10239
-6935
-10080
-255
34699
3822
840
51323
-631
10500
-720
-12160
-14202
67
-255
14046
-1950
-7568
-1008
3672
1295
270
-1884
5052
-731
-868
-1505
8418
972
-32670
372
-10080
-343
723
-672
-3948
3510
957
-1400
-1050
-18000
28350
22725
34980
1680
-2506
-6750
-27972
-14073
-17380
22736
-60
15536
-9570
-8400
1050
-280
1509
11760
5490
-6866
-1694
-21081
4200
-7350
-2256
812
12705
2240
-11760
17280
495
2664
49016
-12810
-8260
-3705
648
22
-735
-540
-18180
-7664
-240
-504
-15610
1736
660
-5490
15498
9520
-2562
14622
8260
-1400
-420
-426
2520
11474
250
43964
1470
-17220
570
-16029
-2100
686
4200
-10051
15855
3920
-612
11200
-1350
-1344
1008
-1008
-2694
900
24297
-288
-2400
-1400
16125
-1568
27189
2418
-495
-3360
-1708
5186
-2250
27672
-1911
-738
-1500
326
-440
2583
-15100
14279
26558
716
-5967
-13240
-8982
10380
-3675
420
1400
8595
-4000
-3738
5685
225
11529
6000
25186
-39093
112
60
2940
13449
7307
20507
-2550
4590
-9306
21753
25200
-2295
1890
-13212
7644
354
4703
-4916
9770
16560
-1343
-8610
-3150
896
-910
35316
17028
-30870
23880
840
-3360
-2272
5000
2150
-1680
-25062
4536
933
-54
-4800
-750
-4312
-12592
-2352
9800
20400
-126
340
1424
3864
5310
14700
4200
-3105
-6272
-311
5880
-810
1470
5868
1500
-5040
-140
-23520
945
-432
16800
-7170
-492
-690
-45
18408
-12792
-21546
-5940
-7875
-3032
5940
-800
-4616
3294
-13440
3402
-1900
-10085
-2520
-18224
4548
45852
6990
3125
-6570
3952
-140
5940
8145
-31500
-5580
-1680
16800
-5400
19600
-8910
-41601
5712
1065
21420
8294
11956
8120
5050
-10386
1362
-2882
1944
1674
1365
-3552
14238
-540
108
973
-1890
2525
-48
12000
21091
10836
-882
-4266
1403
-1200
1118
-8330
-58056
-2250
-6666
-16485
21344
2772
-14870
-34368
-1064
-1680
-22284
20953
1296
18816
71210
11160
-4200
34594
900
-1350
8400
-61971
3780
-2940
17874
-1120
5201
714
1810
8400
5040
15
10285
-12197
-8100
-1845
88150
12500
-1050
35244
31
31500
2700
-13792
1260
6912
-110
-2352
37470
-20388
3420
140
6040
-4998
-1120
-2640
2623
275
-3080
15372
-19134
6118
24550
-8496
3510
504
-351
11760
-30590
25
-60246
-525
-8186
2640
1249
608
8040
23195
12360
9792
-16866
2520
16240
5445
9028
-10086
3780
-6300
-12285
175
31524
2688
2070
-1736
-1683
-21960
-5124
15420
-2100
19600
-810
110
2268
7140
-5600
-350
-10368
1231
-900
10150
2265
1386
-3384
-262
9600
-11910
-29700
49500
8178
-11946
-43740
210
-5670
11040
27720
7350
-896
6272
-1341
-18990
-8540
3150
-3157
16514
1382
2025
10989
-3528
7560
1000
-85
-726
8625
-2100
-110
700
2170
-768
-4128
-2025
420
-15672
-675
768
7980
3975
-2624
-2940
24290
660
6552
2793
490
56
-1530
-4167
11252
980
-224
-81
31200
-525
9809
-3136
20621
6140
-2889
-24684
4383
12030
-3600
980
8713
2485
4200
520
-4830
5965
30354
-420
18228
8232
2880
-1400
288
21913
-15750
-1680
-15200
1470
-18816
-5851
15350
9775
2352
-411
4050
-440
-2450
-12015
-11264
900
28224
-951
1050
-1134
744
7020
-10718
7320
1890
17640
8120
945
-8220
-37260
-8100
135
-10500
-2688
387
-2938
4536
273
468
-1680
-600
-1608
3451
-6510
1176
-10208
-31588
-4518
720
-400
-840
6360
-8931
16800
1260
10782
8640
-1525
2744
1960
8100
-6414
-415
-8568
6720
810
16220
13440
1845
-2568
-4512
945
483
-4200
-15750
16838
560
-1056
-8100
-21960
-25620
1854
48924
2139
-8568
-3388
-1050
-4038
13340
1104
5040
-900
-26173
4791
1750
-5488
-2940
4167
294
-1901
1728
1475
-3360
-210
28
-11480
-6150
-2100
6150
21168
-23400
3150
-960
-7749
2025
2520
3762
195
11528
1152
-13871
2597
-7840
-640
-23040
-3240
-24606
-14098
-963
-2562
51562
1757
-495
-15155
16068
1715
546
-210
-288
21028
-1142
-2520
-1690
486
19950
-86106
2773
1512
12654
17500
-9035
-1750
13920
280
-3906
-186
-540
240
3920
1701
-4200
840
-6934
-3092
-96
-9600
4032
-98
-490
12600
4480
-23520
-27730
-6447
-1960
27810
721
-3920
1500
-2508
1099
-12960
1552
-4725
-360
-600
-552
35127
-27972
-259
837
1860
-7560
1080
-3360
150
29400
1050
-2000
-240
16812
3795
-8721
31500
2058
10104
-18816
2604
9221
3660
-70
6204
4050
630
11805
-18884
672
-10290
3150
-6174
84
-17505
79344
2050
33180
-735
34925
-3885
-5298
-1890
-12950
3528
1638
-14700
1680
672
-1118
2058
-3920
2304
-3150
3360
8379
-22770
14630
1120
-2016
-7
-49256
-22491
14342
-1400
-4135
8481
-1260
-1154
720
8960
-5436
9375
2781
17836
5880
-5793
37240
-70
1970
5096
24149
707
2114
11807
-156
420
-39750
15525
-1104
-12888
1120
-45360
-2990
6832
-44226
21280
-5615
30
7890
22680
2400
14220
-921
30853
1008
336
-5805
-3528
-3360
-6000
578
-6702
-708
21302
-990
-910
9194
42
4082
4852
490
420
756
4725
-108
-7200
-1080
-16950
11618
-1632
1050
8085
-8163
-3465
-4660
-2863
1164
-9595
-10461
-1225
2763
18984
9940
-5930
-12600
-560
7350
-14700
66395
-2640
-9184
-17934
990
-630
-6960
-17256
-16168
264
896
2100
-11133
-29694
3368
5310
1819
4950
-180
-1470
-8505
-1640
18720
-8400
-828
2100
-11766
238
909
-4242
1960
15488
10980
8927
-2835
-2968
14310
17816
-1680
-720
320
-1440
-2310
-18144
12349
6480
-560
-1794
-735
-360
-1160
52467
4215
-3136
-10435
-6272
15159
-23470
1344
-767
-9510
-1120
-2450
-1260
-2520
1752
22148
4860
-14634
-630
522
67224
4422
-414
31500
-588
12501
-1951
672
-15540
9800
5465
-9304
2275
-2940
14298
8064
-2562
-20900
900
6168
-14286
-3480
-10027
2850
448
4830
-2400
227
17234
-2754
-1400
-480
8100
-10463
2520
3854
-9662
525
-2732
-2226
750
-747
1440
-70
-8160
-1400
690
-13944
42
120
-1200
7840
3244
-2184
-2709
9408
61376
660
692
1320
10038
1715
5844
20160
-13314
615
25200
660
10990
23418
1617
648
-2910
-16128
-50502
1120
15960
-19162
-112
-27243
-4705
-10294
-1295
-1650
-105
11448
-14700
10917
2802
-41664
-2615
-17640
784
13004
-14700
6990
-9625
1371
5924
-12960
17640
1656
-548
-2950
-480
-56295
25920
-588
3051
-8428
-11520
945
1656
-11397
-150
1918
5313
8670
1920
1095
-16546
280
913
-15340
-14444
5250
3690
1120
13640
8090
280
-1008
1400
-8470
-300
-900
23520
-5034
-71010
-9045
1463
498
-1812
7280
-1290
-5700
-14124
1764
1440
-78
-53000
-21098
-504
-420
13230
8100
2456
230
16288
34032
-16839
1701
20496
11340
-15899
-2100
20700
7
-880
17294
-44016
8030
23800
42
72
-3492
10413
-630
9408
-7808
7974
5460
245
-1575
-861
1752
-1800
-7
-1890
-780
1800
-162
-2595
-33320
2025
11538
-837
-2250
13334
-11147
1860
-4233
714
24192
-51294
3087
-2025
16200
-24795
23520
-2304
15862
-3600
5394
-1050
-5250
-2544
-20743
1920
2760
-29407
-445
336
-1892
29602
35
44139
-1533
490
2880
8967
2400
1569
270
-360
-1800
-12798
-5880
726
-9800
912
1470
2688
-31246
-6273
11013
-5787
980
1260
2475
-420
2520
6464
747
12810
2246
-1400
1050
2512
-12976
15538
13950
2629
4725
-34680
-12960
-39000
-12270
5040
6666
2310
-2436
1960
2200
-648
-5214
-2433
-3032
-20
-1218
11760
-196
-1050
4140
-2365
405
-1575
-3300
-2210
35280
-5000
17136
6312
540
-2040
49
-5317
-1584
-378
2052
-2870
-33
-4251
-2115
-2880
-6590
12222
-1344
224
6370
-14732
-13684
935
2592
7980
280
6345
3780
-14140
-7586
5258
-3360
-6270
-5958
-5600
-3528
18281
-1470
-3317
-2758
5130
990
-2989
7000
-504
-270
11346
-18912
1830
-5805
-15120
40320
-6156
1903
33639
7371
25578
-672
10200
1960
11760
-480
-18000
-210
-1392
8424
3453
12322
-540
-1277
8994
184
-29466
9520
-37287
-294
828
3920
56876
16418
-720
-26460
175
-21405
504
210
-10605
-11779
1614
-1562
-7497
22697
-14640
-4290
-337
-14679
1584
-46230
-2940
-4050
-4005
-660
-12348
5651
-1344
8250
-51867
-14700
-280
-46641
180
-2968
-1282
4725
-13270
33933
744
570
8064
-448
4352
26584
2916
-392
650
747
-3996
8984
3920
9150
426
-58348
-11760
-1680
-11148
-34776
-31752
7092
4456
-9285
-2562
5880
-11340
7280
1085
-7
20224
10366
7200
-22320
15750
43401
4824
-315
420
-9800
-252
42
28737
-2625
7000
3320
560
-14356
-280
-2100
-4947
-13230
-1176
-8894
4850
-5600
-9884
1750
-12037
4410
3375
29400
-5671
-192
-38092
-10290
-13698
-394
-3900
-536
2020
-10386
7234
-68733
13074
9336
-350
2240
7350
-13832
2625
1090
-13980
-18579
420
26445
-3240
1554
-11760
-336
-4536
-6652
-6132
1050
3592
14735
630
-20364
-140
96
3235
26460
-504
7350
5058
492
2142
1125
-3042
1602
-987
-192
7520
3240
9288
67424
5460
2464
17346
-5096
7350
559
25400
-5777
10716
4795
6960
-2205
-7746
-2310
5985
-1470
-2295
570
-52135
-210
-2530
567
-4200
-3504
-30190
-24390
45
-3072
-420
-834
-2580
-94057
-15260
2855
560
738
6300
-360
-666
-1290
3087
-3598
-4878
8222
-1176
-1071
-756
-11800
7116
11205
1960
-630
196
-6560
-7119
40477
-369
-525
3150
1050
-544
-3512
-2274
-37567
-3323
-13664
20154
1062
-11680
8905
952
-44496
411
59259
-3971
-2700
-1470
210
-3920
-4950
-3252
11560
2436
-9450
9688
16632
-2385
-28200
-8064
514
1242
-9072
16464
-4410
-4740
175
-9465
700
4410
-3675
7560
-43034
17510
-23742
-3240
-3555
1088
3744
5670
-2949
756
378
10080
-5435
4685
-2202
-12510
-2416
12288
16200
-6300
-10409
735
59192
8847
6795
-25227
-9450
-2940
172
-8393
-7180
-14028
-798
8614
5100
-375
504
224
3612
1485
1535
-1665
22843
3150
-14259
6426
144
60
150
-675
84
-1842
-360
16557
-17024
588
9820
1815
-1960
12240
-600
444
4050
-5321
1470
753
-4917
-4816
-1944
659
1496
2394
-19825
-3136
810
4120
-45436
1233
1840
-6255
-483
-8400
-3528
10191
2556
-852
-1170
12960
3480
-30393
-14757
25038
-939
7728
-432
-1170
420
1626
6299
14525
4284
22230
-1680
66450
-24277
-12038
-240
2673
-17541
-4200
15039
-3920
198
9717
5022
20547
3360
6300
-7280
-6000
343
-45723
-828
-2730
2600
720
9072
-280
10890
-8570
-9030
-11760
42
-297
3215
-13464
-422
10062
-9450
40
-120
12000
-1468
10092
-25200
1350
-312
-7840
-6480
-1134
-974
-25122
-1882
-294
12110
12862
-726
-7840
7242
-2310
5040
-110
9900
5670
-1680
-4536
3528
4992
-35280
-13380
252
-8428
8540
14648
16060
58998
-240
-750
270
-2967
2352
1071
-585
900
-1424
-32400
3675
-992
105
796
4476
18930
-7005
-23520
-4942
-980
-8022
-8400
-700
-8040
-3402
5755
-13695
7920
2270
13955
11340
12680
-919
560
2160
18735
19200
315
-144
49665
-12960
-10788
-1107
-6071
-16803
1377
9877
2352
-16
32
-9882
-15378
1521
6812
135
1080
-14601
405
1120
-11340
-840
10920
-4535
1838
8529
-802
5130
-7182
7083
16410
-3920
4158
900
-360
3395
-1760
6398
6860
-33800
-420
350
-2769
-5860
58968
3680
-1500
2835
5956
-890
-6930
6769
168
1470
-2250
8352
798
31392
-14220
-1680
-2114
84
-3430
48020
-1490
-310
-20160
-441
-12000
1156
-24039
6600
-17640
-6405
3656
-1725
-1304
-3192
-47159
-1872
-1380
-864
-2250
-25443
3600
27450
-1080
-24865
1680
2240
-2880
168
-980
714
31500
882
-8570
-210
-2352
-3600
9136
3380
36
6140
-4171
-1050
9013
-5544
16464
-6480
1392
-7875
2677
13638
60846
-1017
-1296
15126
528
-9330
-652
13375
-252
-7560
-7821
-25080
-7725
250
-3360
-2430
-20826
-7170
-13770
-15540
-1118
-2295
25534
-1575
11769
-20580
14832
-7197
9949
-1134
-280
7630
2800
-37380
-2029
2145
294
-3960
-35931
8890
-9800
3045
1568
600
-6408
-17568
-2205
32400
21591
210
-3528
-43992
7200
2058
-3950
-10440
-19796
7890
18280
-525
1500
720
2250
-3426
-306
-21
560
1584
1374
-7535
-1128
864
4410
996
-6797
-10800
-53045
-5736
-39384
4050
7020
-400
5760
14977
-490
2938
-210
6873
1134
-2694
-16335
42567
-20160
9212
-1560
1200
-14400
73710
7914
5376
1644
1080
10080
25200
-6888
-20721
46993
-48758
945
-360
175
-738
16200
19120
-2240
-18063
20736
-11682
-5250
1890
-1355
545
6300
-15528
-17437
2687
960
8064
-13230
4713
-22504
-1845
-5400
-8958
1618
-15048
18808
-1455
4150
-1470
5725
-7179
-11000
-1680
-441
-10903
14598
-16200
17712
-1709
-1176
-11597
-48154
-2205
9003
-150
1446
-11625
-3486
-22876
-49
3300
18897
3168
15546
1050
3920
-34875
3600
3240
560
-17250
-567
-5848
800
16128
5040
2034
-13466
2539
21402
79958
2240
-6117
-2108
2772
1680
864
-22932
216
5430
-3474
7371
43584
-68005
-18816
-12665
-5535
-51224
-126
6780
960
-24133
-4860
-12600
-4557
1110
11253
4998
5856
-840
-390
1280
2700
-18840
-19797
-1950
-12756
37604
1564
600
-17280
21747
44679
8400
-11646
434
3537
29088
492
3366
-25620
16800
3024
10734
-6876
790
-3710
3430
540
-19264
25200
1295
6340
4716
-15120
330
-927
2625
-31500
-16200
16400
4480
-17828
33392
-1904
112
-560
-13755
90
-22
-1200
-1260
595
3758
105
-25800
-2688
-180
-5737
-540
168
8328
-11760
-1800
-15105
14
13965
-784
-30516
2520
1865
393
-980
-5760
-5250
-480
440
1275
-9435
-3528
-5485
900
-415
25200
1513
-2940
262
25688
-396
10248
2940
6860
3528
-25704
-2450
1407
-184
1760
93
-1023
-16200
-2350
1610
30240
-3456
-9576
-8180
49565
6010
-81
-135
7840
-2376
28140
46620
-4764
10800
-720
22460
31311
2562
9159
6846
-24249
-930
1995
-1152
-1050
840
474
-3080
6237
-6048
-2282
-6055
-16296
-2240
-11760
-6246
62364
10440
24192
-2655
-11040
-4200
-2205
2100
-7270
-25490
-14742
-245
-22359
2040
-20413
-4416
700
2037
522
-19420
3360
-12264
-6370
-6991
-11320
21840
2480
-7000
-25783
672
4350
5280
-3902
5880
-1050
-25774
1496
-596
-1960
-3528
576
17702
12000
1338
-50400
10080
36855
150
2160
-560
-84
810
-3640
-1700
1000
-560
14142
10600
140
-23562
-224
1200
43820
-351
-12168
5880
-26849
8970
-240
-1836
-70
-11406
-36
-112
-22050
-41994
6480
5481
-9780
-3220
-2718
2560
-1100
-9986
-20854
2288
-737
-1758
-1470
-245
-3252
10980
-1440
4720
37170
-2240
-768
-5370
-7410
-3419
1440
-3120
-672
-13020
-122408
6888
-40454
-21350
495
560
-2310
47187
-288
13680
660
915
-4680
14224
8820
-15403
-1800
-17670
-2569
-3136
-6800
672
5040
-276
-7037
83
17640
3256
-651
33300
1146
1734
-5748
-120
-249
-1470
-2896
-1301
5600
-265
11100
7278
870
-2714
26880
11535
-3382
20160
4697
4245
30096
-11005
-14700
-2770
175
4725
7619
2256
2352
-15435
-910
2565
-1260
840
318
2016
-1120
8400
5600
5625
14070
7476
-7110
19853
-6580
-3870
14054
-19149
-903
-705
-84
-40
-46298
-3108
-61266
-420
30
16026
5499
-30817
30550
46654
-35318
-3040
-1022
630
-9150
560
-6505
-18282
2448
-6496
-93010
8100
40530
-20943
-1470
19215
-420
-2608
18816
500
-5880
264
-9200
-48
450
31392
520
-720
-16548
22805
11760
224
480
-8764
-5208
10368
-14100
18816
-1134
-4209
6275
47520
1050
-304
420
60
-1512
6732
1824
-3920
-336
-1848
-9135
13560
29586
-700
-718
-17833
5670
-20250
182
20250
-6860
13860
6707
41244
-1134
-10224
-10620
-21011
-6300
10500
-1254
2160
17720
84
-10800
11316
16505
-4932
6873
1472
-392
-6360
18312
-7110
-908
8400
315
-3388
9800
10917
18600
84
4900
-5874
-74808
-140
2205
-16200
15462
1152
-4200
-600
-15264
2450
-15399
-4410
-36643
-150
-5740
-3002
25760
-23268
-2630
2030
-2763
6600
1420
-997
16335
32400
2499
-5040
-186
2100
-1569
-84
26010
6480
10310
-6946
-378
16128
-13804
-1344
35
2800
438
-14210
735
33306
-15603
-900
-3960
840
-14463
-24948
-75946
2625
1029
192
7350
5418
140
-30814
-1593
-2430
4164
-2717
-2352
784
-12552
-5376
114703
-14504
8820
-22680
-2802
7413
33320
-560
4374
-810
-36
31
-1078
-416
-58121
-11245
-22344
1792
-65741
-15120
-1120
-23699
-9156
-4493
49
12419
2400
72
60
50
1960
-288
-1484
-4590
-22680
-1344
32697
3267
448
297
1373
-6272
840
-9532
-5400
7134
38235
20283
-600
-266
477
504
-17911
-189
2435
-3360
-3501
32102
-1300
432
147
2160
28008
1290
-3605
6030
-22400
-1330
17825
26880
-20103
-1260
525
-2625
6702
2168
-42
5912
414
-8550
2844
1110
2217
1960
-13440
-32292
-11520
2940
-840
5250
-10352
2700
1800
-1548
-3380
-5400
3087
-840
-14630
42372
-56912
12740
-1505
-13052
-5071
-20650
-4563
-104
3918
4590
21696
-14000
26048
10976
210
-4172
9834
3780
-280
3375
1272
-630
-1980
1035
1185
2798
3360
27450
1071
-6336
-1680
2025
-28224
-15120
-245
-2736
-6840
48
350
-7841
7000
2385
-6255
70820
-44016
11250
-15960
-1034
-16920
-2640
-800
18144
17923
1620
-18165
-31690
-9580
672
-5440
-5152
3213
-1316
885
-84
2191
-112
-2240
2462
14895
-5918
-5040
10500
2160
-905
20171
-3360
58587
4633
5766
-26823
875
20300
-20576
-1867
-560
41697
-1245
-111070
-645
9531
172800
-7353
-39876
-23520
846
1680
350
2240
-1470
-3480
-1568
-2025
945
5192
5760
-14879
-27621
-4050
-5880
1267
-10290
-440
1552
-60
-18788
-2608
-900
12530
3123
-8958
23934
-11694
-265
23520
15744
864
-5883
-5250
728
-9111
-2835
28
4200
-420
-2332
16200
-3096
-2450
-6186
588
-3155
-47334
-4851
21519
-106
-2430
-4270
-5700
-2268
-6720
2515
-45786
280
492
-3600
-20496
5280
-27829
8400
467
-300
5260
-8881
18074
4784
-5682
25200
2450
9600
5997
1875
294
-67950
18360
-26670
-441
-126
51368
-8662
12390
-18144
-885
7707
357
9570
-3416
1728
-2160
-9216
-4320
1708
-14539
30744
48
-4410
-25163
5670
-840
1050
2840
2025
18205
6968
-6945
-68866
6264
4104
174
-37269
-6387
11250
735
1680
1586
5124
1470
-19980
-39168
604
-558
-7200
945
4605
970
-36
-3721
-4011
15376
-40
-11466
6930
180
-225
-315
-25592
2160
-900
-28380
31128
-6357
210
660
-108
-1028
-13016
38108
-1148
1140
-8722
2800
2352
1350
-5648
8400
18860
4238
672
7840
-3456
38854
-1680
-3018
-32760
462
223
-105
-630
32400
59983
-1715
-27930
-5516
1575
14405
13496
420
-13450
-365
32560
-1512
700
-520
-15074
180
4481
-5868
-5712
2673
-27
-3969
854
-405
-420
9695
-6440
10290
17936
10470
1680
420
-21988
-675
1013
405
-11600
15302
2646
5250
-25710
-3496
-17520
-3429
5056
3240
-14770
-2100
1326
-27048
2100
80227
-326
-1518
-56448
-34464
6300
390
1050
-182
-1300
3920
-2313
120
8424
5214
-5975
7351
19845
10851
12960
-19200
-7680
3288
-27800
5145
464
-4291
-1518
-19642
58132
-17640
10708
13617
495
-39510
552
139
-25708
21150
-4978
-294
3972
222
9030
1920
2562
-7980
-630
34554
-2655
-462
-900
-58514
4275
-2760
8098
-3750
-9544
2240
-5328
-41179
2780
33138
2793
-507
-2188
21252
-1659
8000
65880
-18270
-2016
137634
196
1080
1310
-52317
4536
-3192
536
8400
441
2440
-12465
2050
-4422
-20061
-1176
23940
421
-28665
5040
-3472
36235
-5670
20250
6329
5280
-3600
9800
5295
-16860
-38449
15015
-8400
588
-2590
-1530
-492
4382
10024
8085
-14736
-40752
402
-13500
-7482
-17514
-448
37650
1148
900
-30777
-420
9576
-14400
16588
-7650
-6861
-23520
-4800
4786
-7920
-39966
1444
-4416
29140
336
2464
2100
-2520
18270
-14610
9072
-1050
-2456
2880
-8967
-5250
-3867
-1056
-1521
1605
-756
1710
-1994
900
-3660
343
1064
-686
50772
452
-5250
-5640
-1000
8706
3168
2205
-2520
-966
-6164
39162
525
1800
-4320
2916
2352
56521
-42079
4200
459
-17100
-2520
-18292
-2520
17934
-11070
-1350
2880
-2240
1275
-1800
5376
-25620
-2520
-10596
1680
-364
-84
-3570
5166
-3638
-65353
4585
560
-12690
2842
-6195
-8946
7047
3360
-974
37506
17760
-1715
10500
-10725
840
1740
-28
-1675
1210
5653
-354
-3302
-3000
-6882
1080
-1035
21168
-392
58477
-504
1865
-894
-1570
-561
-836
420
5280
-834
12461
1080
4410
-69
49560
-56924
-5400
3503
-270
23062
-420
20385
20090
-6400
-20973
-736
-14000
2205
-9000
-15780
3150
2142
-2925
-14580
3201
-1080
17640
2800
-420
-780
-337
25050
780
-490
912
-10143
-1820
-9540
2265
21462
19894
-22896
5760
27468
91336
36234
20
-35280
-200
156
9491
12324
37134
-910
-4500
-14067
492
5190
2940
8400
11868
2016
-1785
7356
-1596
17138
1281
1680
7260
-4320
1960
210
-38250
-5600
5292
-7350
2100
-28172
180
405
-7978
15257
-1050
-1601
-6338
28062
-2085
-1570
-12960
5751
-602
-1050
-36940
5304
-4050
-23870
19306
714
-1590
33036
2800
11792
2170
16548
17640
870
4547
-7836
-210
29454
17064
-9977
2450
6573
1035
-9160
16200
-17979
6000
21972
615
1875
-35280
-4928
4260
7290
10080
9408
12542
-29092
-1294
-384
-2072
-6280
27432
-612
-1620
1204
-3192
-15300
-8100
41558
-2520
-42
118
25920
-3045
-12810
-3325
14849
55366
6140
-8043
-14000
-26460
-13897
768
-6230
-24912
-8982
1134
8670
-27197
-11760
538
-1200
-17352
14392
-1632
-1106
-9857
455
32712
360
1508
-33600
-3790
5544
-504
-5205
26303
4860
420
686
20002
-3816
7280
721
-525
-36855
1960
2352
-592
-1470
18585
35
5150
-48170
-7542
-58230
38115
-1750
3360
-3535
-2250
1548
810
-8070
665
-720
6195
630
10556
1828
-13720
-1176
-17956
-1120
88002
5220
2625
-3888
20496
11262
-11886
10575
-33180
1410
409
28350
-1140
-2702
100
28
336
-1330
-35280
875
-8808
-1908
147
-5919
392
10026
10800
9531
-693
3144
-1588
840
616
11986
-19040
-38353
-315
400
-5565
20416
-180
15786
26149
-25800
-5841
-171
4446
-3282
5967
-1680
-785
13692
105
-11340
1442
2100
8624
-180
-6768
5600
1890
954
-16660
2064
-2277
1500
4130
16364
6710
-16107
-8370
4452
-16504
-12810
672
2590
240
55837
1575
-1344
-5440
2065
12600
1120
-588
-3304
-8892
4200
3435
-3726
-19320
4050
5228
-339
2300
1110
2090
-2526
-297
-2895
3696
-105
-25208
-40275
-26901
14715
2168
3375
-2829
-660
-945
5670
-1197
-294
-12960
-16400
-20
16097
-3024
-4320
3528
-14154
-23513
-4148
-693
-336
8848
-30179
-9570
1058
1400
-3600
23139
14520
21585
2624
-1296
-336
5404
-1080
-1080
-332
5250
-522
791
-480
26880
-13189
1844
5400
4104
14679
-810
-3204
8352
-2075
-9800
8271
-12879
