-419
566
900
-198
856
4
168
-240
108
28
24
-180
-140
-80
12
-252
100
246
126
258
-92
195
28
336
-504
252
126
-315
29
-584
-20
-320
370
485
84
-24
-126
-149
86
280
747
-96
567
42
72
-32
-189
378
-18
797
130
66
-182
-370
72
-378
126
-42
91
189
51
-189
-100
-130
-36
-315
126
182
162
-60
-240
12
-48
280
42
76
-60
-7
-540
-36
156
105
-32
126
-80
-24
24
-259
147
-217
1057
-708
48
613
-387
126
126
-378
271
42
878
-198
66
-126
120
-378
-108
-63
135
254
-70
-99
-231
-238
-340
432
36
189
585
-245
-722
-441
-90
180
246
-108
162
102
-46
-161
-986
-290
-222
-686
-270
126
46
-366
24
180
630
-38
-255
392
-17
-270
489
35
-414
-500
747
140
-222
448
36
69
-328
95
255
-112
386
-264
-432
-90
-252
224
203
-660
-6
-46
336
189
567
-630
27
126
-30
189
80
-65
-54
-8
-99
264
378
-14
240
-6
40
26
-378
-220
-512
180
162
177
203
28
-406
42
-216
-450
819
-195
90
110
280
315
-100
432
-196
-142
-30
2
-90
80
-189
189
230
-182
300
-29
-24
-8
-504
-90
-118
-252
-540
378
-56
-567
144
-200
-720
-54
-30
-4
627
-99
246
-160
-96
-186
-12
-693
-126
-62
-25
99
-42
-196
-336
36
12
144
28
-770
168
-40
-28
32
255
-210
-94
28
177
48
356
-24
45
569
569
-504
360
33
351
-30
6
504
346
-14
-113
392
-140
-27
105
-52
329
648
8
120
-14
-45
-18
12
-125
315
-24
108
498
-12
-617
-48
-423
-495
-42
80
-108
-184
-362
8
-315
528
300
60
-147
-558
-160
-631
126
84
270
-252
-45
24
450
-346
95
273
603
-21
213
315
-144
-168
54
91
-108
27
-56
40
12
145
-165
225
-189
-21
280
-324
-543
-208
270
174
504
-40
-28
81
-850
-1060
300
-103
28
16
-90
216
-441
-136
18
-276
-370
112
-169
24
156
-350
-1360
-28
-84
-62
-12
-150
162
-540
-558
54
-120
-225
-20
160
162
284
378
30
98
-119
522
410
30
-1069
-348
75
-378
174
504
1
60
-22
9
-216
-363
-216
48
-39
306
273
-341
-1219
24
168
167
-42
-72
378
-270
304
-454
-108
-126
-90
-468
-217
-203
-279
80
-594
-189
-42
-42
26
-100
70
54
-96
71
261
-230
823
-24
180
-70
-324
84
466
-21
-9
-144
-441
-444
-252
-126
378
-72
-144
20
81
-42
-120
-200
100
567
-189
26
24
-36
428
-364
374
-252
-42
-342
190
-12
-255
212
-120
-42
48
-270
-72
252
-411
450
-126
24
414
422
424
162
174
70
270
-186
90
-630
382
98
-72
15
126
20
350
296
-158
110
152
-54
-264
-140
-749
98
747
-343
315
-16
45
-50
-1044
105
-483
-22
-18
-702
32
252
-80
-252
-21
-98
167
-84
-276
390
174
72
38
-318
480
-567
196
168
-400
210
-413
-600
180
108
-116
-110
84
-24
270
380
360
-10
402
-441
20
54
540
-432
32
8
-66
-504
-12
280
-175
-70
50
112
300
-234
-30
-42
-186
-164
42
20
28
-140
270
42
-42
-149
134
-540
172
348
630
-504
-59
-8
-252
126
-245
72
-255
206
-20
-120
-32
4
-208
291
108
350
228
70
72
243
-78
-231
-160
330
-378
-184
-65
162
-189
203
-504
-343
-21
-155
126
-200
-458
162
-126
-70
-96
280
1463
-78
43
254
441
-30
-14
-450
-441
162
262
-399
-101
-12
116
148
-120
-528
-76
273
72
32
-105
-411
28
-144
-120
6
-627
-378
72
-628
-168
-72
-378
54
312
-14
-76
-56
-908
108
966
29
-317
-567
123
230
-910
-62
635
-24
-20
-1127
48
580
-198
-381
180
699
483
162
-750
-241
-348
189
189
10
-36
315
-210
-10
116
-306
-150
36
-511
450
315
-113
804
246
12
-84
54
-210
-330
252
45
238
270
528
-12
30
-306
360
82
309
162
-6
-517
630
-108
102
43
-96
15
-420
180
18
-36
-100
441
189
540
24
60
-324
151
43
-42
432
426
345
276
790
135
378
-28
-252
-590
84
-147
630
-20
244
-198
243
126
-40
-72
189
270
127
-52
-280
1328
-408
-90
-126
-182
210
-51
180
-126
-406
-145
-441
-434
54
-12
20
-320
-50
-462
-284
-345
-90
-168
186
-330
765
-119
-165
698
-184
540
-29
52
346
-144
-108
-339
252
623
84
306
-252
144
540
350
-30
243
105
-126
-360
-326
-14
48
-128
315
180
-20
196
-201
-567
-252
80
36
-402
750
426
-28
823
-96
-476
24
24
72
15
-402
336
-370
-156
-168
342
84
489
140
36
14
104
312
64
-168
-36
96
215
138
144
69
60
189
54
468
38
-662
8
234
-20
216
-105
-399
84
-422
84
-56
40
-315
-301
-480
350
162
-82
32
70
-147
74
408
126
315
567
-156
222
126
183
-114
48
-110
-3
840
-126
144
694
-91
-168
360
-252
-42
198
32
88
36
1860
378
231
56
-341
105
20
-6
-228
-314
522
98
240
-279
-126
12
9
32
-189
48
-8
416
108
-431
-217
-702
378
-76
210
650
270
780
-142
54
184
-70
-294
-63
-260
-364
-38
273
534
-24
24
-24
-907
474
54
80
90
-210
-455
-175
580
222
48
-60
152
108
108
48
54
-4
70
270
-364
1290
-12
-88
-72
-36
-112
378
72
117
-18
-216
189
110
-642
99
28
60
228
-344
-399
189
-522
-630
120
-122
-35
207
-735
339
-39
88
96
-24
28
135
-36
56
98
-360
567
-3
-352
250
203
276
280
-30
288
-21
60
154
95
189
378
315
-126
54
-744
168
-52
-272
-16
-50
-39
-126
-432
56
126
203
138
-42
630
91
-394
61
416
63
-118
-150
-12
4
29
-273
-54
-390
108
78
99
28
315
-354
-20
126
56
378
-393
88
-64
60
-54
-441
-150
746
-781
-90
108
84
252
42
-21
-6
-107
29
6
-351
-406
-160
27
-504
171
189
30
-342
54
-150
102
280
90
-540
364
-636
441
-100
-177
18
60
150
-243
-591
133
-12
280
-48
-126
243
210
217
-736
-18
-110
-234
-315
-423
-56
270
27
126
576
-600
-990
-566
63
82
4
-126
32
117
-324
-227
-306
72
-42
-266
-445
336
598
-248
40
-119
111
-384
-119
-400
163
-345
161
25
140
-53
-30
12
-238
308
-324
-871
-126
545
215
-374
-504
-56
-1090
273
-16
189
48
58
-62
84
432
425
108
189
-174
90
-222
108
-402
106
-540
91
306
-20
-180
58
1047
630
69
24
-189
102
20
320
441
-368
-90
112
210
348
-12
-208
-96
60
-62
276
54
-267
130
-140
444
54
-762
-540
302
-126
122
189
-3
29
-441
-21
-170
-111
-216
-28
165
44
-250
-90
-25
-112
42
-60
-330
-69
-240
-177
261
-99
-144
-42
140
441
-216
126
-30
657
-240
-112
-126
216
44
-108
285
-189
27
378
582
186
-18
-410
-444
108
30
-57
-189
-52
-198
-24
-112
-63
405
40
970
-60
90
125
-189
-441
549
240
-100
476
112
69
-36
54
168
24
135
-42
378
378
-548
84
65
84
630
14
-42
-21
112
-30
504
892
-454
-144
-63
219
-189
-70
-42
105
-45
126
-36
567
-216
50
-168
168
32
-27
-732
30
491
459
-287
630
-202
432
-186
-86
-63
-270
-290
-70
-168
276
144
-488
612
72
-186
56
480
-168
-84
-106
20
54
-99
-986
-180
-3
76
-684
-636
-36
-129
28
-630
42
-108
-1976
-54
-146
40
120
386
-108
-180
70
-708
-16
-140
48
69
-196
-315
-189
54
-98
75
-88
540
4
278
42
392
288
315
399
766
98
28
136
-68
30
-204
-54
30
-441
276
-84
207
-70
348
-6
30
-642
-462
22
-484
315
-49
32
240
-378
-6
68
315
-216
-258
168
30
-441
-70
-42
474
72
-76
325
156
168
-750
504
-105
-42
-804
-142
-84
-54
492
-270
28
90
-144
54
336
-1138
-54
260
-6
-16
162
-260
-54
24
500
168
-336
-338
-28
-72
168
-385
-60
162
-168
-48
-45
630
-16
12
102
-314
-594
378
-35
-189
-28
-287
109
-6
270
144
63
-222
-180
378
-57
-98
-91
-6
27
-126
378
-168
888
66
-250
504
567
126
54
-254
558
-148
-100
-170
270
622
30
72
-222
376
-60
-3
378
126
-12
-504
-565
-98
-240
-290
-96
-140
126
43
63
-126
36
378
18
-405
244
212
-171
140
-399
-480
-196
-1058
-70
-165
-196
108
200
-120
162
189
630
60
694
-698
-552
183
99
441
-12
288
-120
-378
24
-276
567
38
441
-24
-256
126
-28
4
70
-108
-260
315
-30
216
-54
-720
70
-196
-222
315
-222
98
27
4
-202
300
-30
-388
-84
-144
189
-180
80
-84
-14
-390
-150
-468
212
117
130
80
-60
-364
-14
626
180
-64
-120
-112
-56
432
-240
-210
-48
-423
310
-343
-616
-92
363
273
-45
519
-108
-113
-24
-78
717
84
450
189
-30
-567
-684
54
140
-595
117
-630
-602
-80
70
441
-800
-420
72
36
-360
-80
-21
-154
120
162
30
102
-186
-112
-98
20
-168
-30
-206
-168
96
-24
-432
8
125
36
630
-125
148
69
392
195
-216
459
468
96
-378
-374
-362
140
90
356
350
84
-6
-56
303
-24
69
270
-275
-27
-166
16
126
-72
203
-78
51
-40
189
87
-18
-112
-166
-204
189
84
-567
-263
108
-24
40
-180
-38
-126
-254
9
-20
98
-42
-126
-114
288
51
426
476
-3
-827
-42
490
-16
-162
270
-137
-6
-408
148
-18
95
-702
-352
54
18
-12
-126
126
-98
-27
300
-120
234
280
-355
567
222
-117
100
-98
-10
-54
-42
-21
-441
-332
303
108
108
48
-704
-126
216
-84
-174
-198
396
-144
-456
162
-432
165
90
-24
-153
-366
189
-1052
-147
-343
58
232
-12
279
102
111
245
86
195
-78
24
21
-144
556
623
-10
1490
448
-6
-168
288
-320
-309
232
-146
-12
-12
189
441
-567
252
300
-690
-156
-25
378
28
20
36
126
489
150
16
14
162
-489
400
-126
-189
-789
36
25
24
28
-89
-52
168
-126
270
180
102
-12
-378
-266
-315
189
-882
-212
-35
80
4
-64
-45
-441
45
-50
-558
54
400
-77
-140
54
148
-378
14
-231
587
84
-186
-287
240
-582
-450
-32
-212
1017
-324
-630
169
-45
189
423
32
132
150
34
-16
-126
32
93
70
230
-540
-189
-70
-240
-112
-54
-72
120
527
-90
-306
280
108
-120
397
-90
200
24
-516
-252
-696
96
400
-306
-42
28
-30
-60
28
42
54
-48
84
-147
300
32
640
60
276
120
1345
-126
-42
-140
-168
790
-593
-210
189
54
114
-270
-196
48
330
253
126
108
-23
595
-158
-480
-12
142
255
-196
-189
-150
-378
-12
75
91
-480
-394
424
8
108
622
126
524
876
42
-341
56
-179
294
189
-432
36
567
189
-222
84
203
448
-18
534
18
-154
36
-114
84
-48
-378
108
-72
-630
-189
76
-144
361
-21
504
224
42
-145
193
-28
-40
-42
108
-336
72
-126
504
15
504
-240
-117
441
-105
-147
-42
-450
-883
378
-810
126
-613
378
93
126
-20
729
-50
-42
378
216
-137
-81
-558
-276
-42
189
-50
-20
24
-60
-606
378
-140
-315
-108
140
-761
8
-375
597
-245
-76
-126
-57
22
126
-331
-8
360
-180
36
216
153
-1071
-276
-126
-150
-200
122
871
356
-6
189
532
108
-165
-234
-6
-441
-350
168
-287
-180
-205
-252
-126
-344
914
-54
-264
400
-863
-140
-189
91
-12
-98
-49
201
-98
82
-504
-135
-114
288
189
-108
-216
24
140
-1051
119
378
135
54
-18
210
70
-255
504
111
386
252
432
189
-176
36
-50
60
-343
-126
4
76
-399
-80
-120
-315
-56
-362
54
-72
-150
-318
350
-534
441
64
501
36
116
-605
-6
560
-140
252
-126
-156
-42
150
-8
900
108
-336
36
-28
-350
-441
-555
378
563
-150
210
-147
-168
-152
-693
148
-6
-67
-456
312
444
126
74
-882
-84
-98
36
8
40
138
342
456
90
-14
567
-68
-63
280
56
324
-144
12
228
144
-592
346
-320
-77
-564
276
330
84
60
126
-35
714
-270
-126
-56
-63
-210
243
372
30
-345
72
-48
-510
-126
336
8
-18
-48
-65
-42
-428
204
24
136
-341
27
-276
280
-84
-224
-516
-98
-378
-6
504
55
258
332
476
-84
99
185
96
-442
-168
-444
-222
54
-6
-538
2
-60
27
-100
540
-44
578
-132
54
70
50
-441
-112
-42
-524
-378
291
273
140
126
-196
-49
-884
-394
24
702
98
82
135
-240
-3
-16
-196
-126
210
-516
-28
102
-255
-76
117
-162
-48
-20
18
102
105
84
-42
378
416
30
-56
-441
108
-414
-36
28
-22
-252
655
114
216
-115
-57
-540
-38
-249
715
630
20
-84
6
-306
-312
-24
-30
414
-120
58
280
300
276
-168
52
-441
134
72
144
168
-27
238
278
189
-108
34
-537
-20
270
4
-98
-189
120
-114
-20
-369
84
336
857
-42
567
-48
508
-140
378
-240
-63
341
28
-590
-12
336
390
168
182
-40
397
-6
-315
54
14
-30
-126
162
90
71
36
-476
-524
810
199
294
-42
-126
135
315
-270
82
-432
40
-96
378
388
40
56
64
-540
-324
626
88
28
384
382
-216
-126
640
189
162
-249
-343
322
-60
783
28
100
492
10
110
108
-252
489
-35
747
-72
90
295
-441
240
-538
162
180
324
96
378
96
-174
-30
27
-574
45
189
-378
-18
27
-90
-480
378
-595
-21
-414
114
-98
-189
378
27
238
-1150
189
-200
14
238
24
434
180
-540
70
48
-19
18
270
210
-70
82
-60
270
-6
-24
84
339
-119
-21
-93
84
-49
84
-84
-42
270
-42
-699
-54
-478
-90
-129
140
198
140
-28
-399
306
216
54
-366
524
72
335
183
102
887
216
135
-90
-6
250
-574
54
-24
26
98
96
-147
-126
108
315
378
63
-27
-387
-423
940
-158
-21
28
24
-112
-468
69
10
-171
-108
189
-800
-108
-150
-61
-36
-108
252
80
396
252
-126
50
-86
-441
120
-360
-315
-252
168
-12
140
-67
255
-112
322
348
183
237
-42
16
252
425
60
-144
114
-140
60
168
378
-126
-70
351
-138
36
210
252
125
650
108
-40
276
378
-18
-439
760
-98
140
-196
392
-42
162
336
-112
-126
-94
-120
-511
-630
-24
336
-112
336
-54
327
-108
333
-320
-12
-248
-16
4
98
-372
222
20
84
-60
-93
86
-126
441
-12
135
-135
112
192
-168
111
441
10
-126
-90
-827
-108
4
-12
-521
6
-324
-548
-378
36
-112
-130
407
64
-327
-30
231
72
246
126
-238
280
-540
27
333
567
288
-441
-32
-54
105
-126
-240
189
-315
-13
-45
98
-189
-54
-6
-243
-20
-335
-66
168
-350
-133
-27
-11
425
167
294
444
-144
48
-16
48
135
-126
-42
84
-1847
-36
-36
-915
-450
506
-162
630
69
29
273
186
-108
-57
301
140
-225
174
291
32
16
-12
-343
-44
-189
29
504
112
378
-232
-166
-312
-126
126
-20
222
-280
108
-414
-284
-147
-36
-120
28
120
189
-221
116
450
-12
-18
27
28
80
273
-42
-441
-168
-126
-514
-216
245
362
234
-456
-95
450
-30
325
-432
-327
570
420
183
60
344
378
-229
90
-126
-213
-666
-98
-62
-432
780
-24
-105
123
97
42
48
-313
189
-360
20
386
54
378
189
-380
-25
-40
-702
12
-56
28
203
-149
-112
-24
75
-135
898
-108
-294
-378
184
327
631
36
56
-108
28
-276
-512
-378
42
40
-42
504
-702
497
86
630
162
-100
-378
270
372
96
42
50
-450
-28
-84
330
-72
312
-204
216
294
189
-196
189
72
29
-261
108
546
8
-116
-54
195
-378
-280
-95
-108
315
-54
-189
-294
-378
-15
-84
-315
259
-35
6
75
-582
-246
28
-24
-114
120
-441
70
-108
258
-56
-22
-10
-416
800
48
255
-189
189
-140
59
-336
280
-98
-154
-90
-363
-90
-33
90
-450
551
-98
-630
222
140
222
-378
168
-90
-702
191
144
126
206
-567
140
126
372
120
-428
72
-12
-210
600
-76
-126
-108
48
108
-12
-12
-6
-165
48
360
-402
-86
203
-441
-108
727
-256
205
-119
-18
-50
-203
206
-12
-406
-441
-72
-390
-441
108
-252
690
444
-343
3
-441
-468
-70
-30
-309
-140
-190
40
378
-504
252
54
-815
-441
-48
-441
108
52
-100
-252
900
225
600
168
126
-189
42
9
-72
702
670
-378
378
-432
-3
-168
-168
-420
750
10
-606
30
168
504
72
-441
60
111
15
-252
315
330
-126
-42
-504
18
-98
108
-36
-126
-54
54
-12
189
181
-96
-16
-216
-27
519
336
-24
-104
216
105
315
-196
-315
6
-150
294
-354
-89
-63
-96
-358
150
723
378
186
80
91
-399
-35
39
-1428
31
-378
28
108
-113
-35
-6
-42
10
337
28
125
-189
74
627
-84
-114
-333
-56
-20
210
342
350
-347
-21
-210
442
-24
-627
-104
-20
566
-63
-648
-171
-192
10
-120
160
54
-720
56
-440
-294
-272
-144
477
43
-92
189
-216
-112
-12
-20
-156
515
-51
-110
-50
-120
-70
-110
567
-12
378
-478
48
84
60
-38
-54
420
-511
-126
315
-14
3
84
-290
-63
-57
-308
-266
280
100
-135
-378
72
225
210
-350
567
144
318
-504
-147
-108
70
525
90
-112
68
360
294
-882
10
105
-333
261
56
523
-56
203
135
-630
-108
-294
-540
-189
166
660
-256
189
-126
-57
-432
84
-18
-315
-168
-90
168
6
36
489
457
507
-70
140
195
-12
-120
255
49
119
108
-196
-294
168
511
-1112
48
-413
-193
-261
-21
-24
441
-315
28
-606
203
84
8
-432
-318
308
18
-80
-189
430
523
156
108
-159
-217
-21
-21
36
135
-3
24
276
-378
148
-111
450
-14
216
-88
156
-504
306
-108
-79
460
-162
720
-70
189
63
-340
550
-60
-189
-1148
245
-378
392
126
126
-300
518
84
-441
-287
-363
-324
-36
72
-72
350
-290
392
392
-560
-208
-440
216
-250
432
-21
67
82
90
16
-119
-40
56
99
104
131
-414
-363
286
-68
-180
-21
-608
48
-143
100
-324
96
60
64
344
230
-378
301
27
84
-108
84
-10
48
-330
580
100
171
-52
-273
27
606
216
516
567
315
-108
-595
203
-144
14
-108
24
-14
70
445
-147
-930
-60
-90
-614
-315
655
168
-196
28
72
-276
36
-810
-24
140
30
-50
-315
30
-114
758
27
-54
214
64
-270
-306
-126
111
-459
-60
257
-474
11
765
-98
-261
-186
-112
-54
-60
-67
-360
296
189
-399
154
-315
102
-99
-320
378
-6
720
189
250
-48
270
-252
525
-441
-270
-171
-350
-144
-356
114
-120
642
-175
-350
199
172
216
-21
119
112
-6
100
48
-126
127
432
-246
378
-36
540
54
100
-114
48
3
36
218
-42
224
189
-280
29
-196
50
66
6
-216
64
492
-32
126
36
-546
-12
12
-108
-30
-788
-196
-456
696
-189
135
-126
58
416
60
189
-54
702
339
-75
259
-21
420
195
-84
120
-370
-36
-21
-42
-351
-36
126
162
42
119
-198
566
198
-210
32
64
-456
567
-54
-260
-272
-219
142
9
-22
-800
-250
98
80
-736
-63
-114
-315
94
219
399
48
204
-300
-12
-595
378
-196
27
295
378
386
134
-56
-50
-6
54
-144
567
-574
-400
-510
216
454
-270
-260
-225
441
-22
12
-415
-91
-180
-270
-255
196
-98
280
28
-255
-216
-30
300
432
-216
-42
-168
372
-399
-210
12
18
84
-48
-140
278
-117
168
-12
30
-98
40
260
-256
-36
-820
86
108
67
-270
150
-886
12
42
-60
-70
-555
274
237
-204
-144
-192
112
-153
-78
-702
-370
378
-630
-42
-246
-600
911
-126
252
104
-24
140
14
67
504
-153
723
-56
136
30
311
-66
-510
203
-196
735
189
-36
300
12
105
-8
-180
273
126
-245
186
-230
54
-90
-380
84
-355
374
56
28
-108
-42
-234
28
-60
-179
28
18
294
-270
108
-198
306
-414
-84
98
-744
112
-315
567
580
60
596
-378
156
-32
185
-6
111
90
156
-154
-42
786
-290
22
378
42
259
-116
30
178
-90
154
168
48
-216
-294
84
98
-36
203
-226
-540
372
582
-6
-36
-6
-846
-364
12
-180
448
48
-196
120
378
-70
-441
80
-336
-105
-957
-12
378
-287
-63
50
-16
230
131
301
-399
183
-294
90
162
84
-100
-378
4
426
-22
1249
162
348
-140
-72
-147
108
-882
315
64
-317
102
-343
378
85
54
-217
70
-294
-45
-441
189
324
1
48
30
-73
708
559
441
-14
-54
-464
-332
30
-216
-200
-105
-567
504
-6
106
-176
-270
-18
120
42
-74
567
70
75
-58
441
-555
315
-48
-40
-126
154
-189
-236
105
144
54
300
-238
-147
680
28
378
26
-40
-548
-12
30
-285
275
-118
18
98
632
24
115
299
-140
-168
126
370
-492
-504
162
-264
-573
-126
-54
-20
378
441
-351
-21
426
-189
48
-27
441
844
-30
108
96
161
-20
52
447
-428
-630
189
630
-135
-14
-574
216
60
-217
-42
-4
-264
-540
-350
-40
200
