-5664
-10080
2016
320
-5040
-5292
1740
-480
6912
-5600
-3600
700
914
-9000
-14170
-6656
336
2876
1728
2280
-2448
1740
4032
-2160
3280
4280
-2160
22815
6024
2944
17280
900
-6048
450
-625
57672
-3456
-1640
7225
-18400
-960
-4840
-20830
4584
-792
400
4000
3888
-288
1080
800
-11264
6912
1180
-720
1800
-3040
-6480
-14656
-4032
-1232
-4032
-2236
-1932
-324
-2160
6968
-400
360
-2688
6400
5454
-192
-7200
-9672
-47412
2082
7650
-5768
-900
-252
-20736
15400
-5280
625
-10784
2306
-31658
-2144
2160
840
1920
-14859
6048
1008
760
2688
10960
-7000
4675
12400
1288
-7560
-1152
-1296
-1140
3600
22912
10368
-8576
23040
-4640
120
-576
2560
10471
-6390
-6140
7225
-2137
480
-3150
22824
-22680
-3625
-4392
-2944
-270
5210
92
-2376
5932
8472
1668
-15552
-6228
-6300
13392
-3385
4304
19872
-5760
-9312
-5760
720
2112
-9312
4200
-1000
6728
11664
-5888
-9072
4648
-9504
-4640
-3168
3472
-2244
-3800
-2991
-18432
-480
17457
-8064
-16695
13373
-1920
-1317
-14160
-712
-3840
-27648
-11898
-8428
-11880
5884
2531
-32400
-2480
5040
12095
-9072
7740
4752
-4870
1600
22464
10998
-10736
-5832
-864
-2736
7414
-400
-9604
5953
10178
-3024
1080
8952
-27335
36288
-810
-12768
1440
-1280
-2430
576
7878
980
-31332
14682
-53864
-15616
-6012
-6300
1704
-4880
1920
4375
-2115
-2660
-30580
3768
1008
5600
-6912
18720
-256
600
-3160
1196
4536
-270
5760
-3744
-18200
-252
-8648
10172
-2004
5280
-1440
960
-6048
-810
-10368
5184
2592
-40814
-3744
27760
266
6912
-32074
-4320
1672
-900
-600
1120
-1080
18974
-1440
4940
168
3856
-9540
2080
-10368
8192
3870
32223
-1960
-15668
13920
10714
-1280
-5620
1134
-11016
-8064
-1200
8028
240
-75036
-3344
-3388
7608
-13006
-3964
-17664
19919
-2580
-1368
-980
1200
500
-2784
-240
4032
5152
-480
26182
16550
-1320
2568
13500
1000
-6123
-6400
-37710
-2560
7296
-448
-4324
-4544
5030
50150
14160
744
-192
3680
-945
6384
2880
-16560
-3040
-360
17632
960
-18460
3048
-12456
-6480
-66
75
-66404
1080
1440
5012
-9540
-588
6840
-1350
-19190
1404
12960
3560
-2160
-25812
34516
2790
-3728
-1904
2592
8886
-12410
-2520
3168
3240
4450
15312
30864
-23328
-14600
-8820
6788
2160
10652
924
2252
-2840
-1920
-4320
672
-16956
-1870
5152
8450
9150
-12512
10800
928
-64
300
-960
1880
5292
-8145
-2848
960
-5080
216
-234
7200
15200
-1750
2688
4480
3258
-14272
-953
3456
-2808
-9565
4956
3456
-18144
18122
-216
-6030
-3204
160
1600
960
-17526
-3660
-2160
7875
-1024
-1536
1906
6048
3840
6804
-1944
432
-1728
-2400
-2880
-35020
41667
-1176
18260
9856
696
8691
-10240
-14580
-17690
4600
-10080
-4320
-33858
4090
2080
800
-3888
-38640
-972
-392
10644
1800
2375
5552
-960
320
-5120
5440
53685
4824
-2716
1080
1760
10800
35542
-5184
-495
8857
-1080
-900
-288
1056
-13248
-1728
28738
-17088
-1760
-4104
4452
6720
-940
-1024
-13280
5400
-7824
-6510
-1250
7344
24379
5220
990
3600
2304
-1548
-720
-15726
-4898
47962
-10368
3936
-14362
5410
-38765
4830
1400
-2175
7770
-6800
2115
1734
14344
-4524
-1512
-180
4968
8280
-33408
6627
698
6768
-2316
-8046
2592
-1175
-360
720
14304
-3078
360
-5256
-2160
-26096
5044
2304
4536
56100
-310
2104
480
2880
336
3168
360
-23040
3200
-6374
-11470
480
-9450
27135
5065
96
168
-5877
-40608
14664
-18144
1944
-75086
-1800
-1680
2304
-1080
50560
-4895
-2952
-49752
-11520
-1456
-1200
15648
720
6530
528
2700
-4288
-7648
4608
-2375
-20216
5856
-3780
4903
-18144
-18198
7776
11160
900
1232
2268
-4120
2340
-600
-540
-19872
1780
5232
11572
-11696
4056
5024
-2960
8640
1064
-4788
-448
-5120
4480
5904
8326
7236
1216
-1752
10385
-6770
2744
3600
4110
1056
-39547
2240
15104
3600
1664
-4480
8088
2700
-7325
17775
-23688
448
-5184
6340
-1800
-3660
2980
1944
1000
10880
-120
1076
-44658
5360
-1540
8892
-1200
-50536
20959
-14728
1280
-1728
22824
-4230
-15232
-1536
125
2160
2091
18588
16200
-11634
-3584
192
2754
-2376
-15660
5024
2496
-4212
1344
-7336
-648
12288
640
2468
6850
-1740
-1944
12325
1152
-320
-19440
-7252
1800
-3640
600
6480
8064
11360
18640
685
2300
1962
896
720
-1350
-180
-3360
-16008
-216
28484
-3860
-1080
280
3600
10760
21590
-3864
-10528
-280
-2592
-1944
576
7000
12672
-450
-960
-5480
-31104
-280
12557
1728
-420
4040
14764
-756
-675
6898
4536
-2640
-512
-17280
-5400
1400
-3200
3600
-1350
2904
5760
-360
592
793
-12760
-648
2048
422
1800
-1348
-10996
3024
-9320
-3344
480
-864
-2470
-3600
-6352
-16962
53227
3808
960
-1568
13356
-640
3960
-2520
-6264
710
-40360
-2240
7920
20424
-1125
-576
6520
1751
6552
130
-824
-3372
-518
-6912
-1120
3456
2100
192
-10296
9750
-300
-6912
2430
10068
-5760
-1000
-17720
51426
56
10484
684
-9672
4608
40042
1860
-112
-2500
5111
1536
5121
240
-420
-8040
17136
504
-14400
-1396
-36720
648
-1920
1440
15264
-11241
-35365
-882
2356
-1536
8316
-11664
1328
656
6804
-7560
5400
2592
6804
9000
14640
2680
-7676
240
6318
-12
1728
1728
2563
-15174
10548
-3528
17496
1536
24120
6336
-13608
-616
13088
1076
-4000
4480
1250
-2115
-2385
3328
-2592
972
-13104
-13974
-1260
22457
-4840
21240
576
-8316
-1664
11400
18096
4320
-7936
-2400
1830
-1216
-2560
320
1050
3690
-10848
-23328
610
8668
9696
768
-22044
6804
-4374
16384
3120
2550
-15552
3985
1600
336
-288
-6720
28032
864
-8452
-6912
620
19912
43377
-2040
2304
-480
-1920
28800
46730
-3200
560
-3456
150
2098
-17356
2016
-320
-23814
-448
2660
630
1260
17864
7420
8272
840
26092
2688
336
-5200
-6048
33680
12987
-1120
-270
2880
1400
-15076
-5760
-2688
-4480
-7466
-1700
-15784
2130
-7569
7776
5292
-6912
-6720
2592
7776
504
-824
-864
-3904
-25920
-4288
1090
348
37817
-336
3072
19566
9006
1764
46017
1322
15245
-184
-8320
3972
2100
-6020
-2240
800
-450
-1296
1620
-16680
1100
-4248
3610
-1440
640
18575
-160
576
40690
-4416
-6120
80
3648
10572
8820
13648
-1930
7290
250
8316
1200
1160
-960
3888
-1152
4800
2005
7648
5808
-4744
-360
260
-785
4140
-492
-1536
-2000
-3042
-792
17280
-9760
4332
5868
35118
-1102
-14112
-3240
52
15386
-5184
-1440
-9720
12960
3624
-456
416
2646
-288
-7940
10944
-5352
900
-560
864
2304
-3740
10976
-576
12081
405
-9688
8046
1472
-12960
-4920
7290
-23328
-250
11756
1640
-784
-4470
2576
8896
-4320
20694
2240
3252
-625
-26284
-8552
-6912
2268
-8000
8720
19440
6670
2048
-3642
-340
-2328
3072
5832
-18432
2408
-672
26640
-13566
2160
-200
27216
-2124
2120
-2912
-7344
19060
945
1320
-12448
13392
-12320
-3232
11216
-450
-3456
-500
-16918
-192
-30880
1584
-5180
-2325
42
1296
-13400
2548
6432
-17179
990
-1440
-1500
1800
-23040
1512
12672
-4120
-30264
432
249
-16920
27816
-47202
-23328
3120
-1892
2624
-2016
-1512
-360
2456
1704
9072
27211
-6840
-3528
52967
6620
4121
-560
-468
7488
-2592
25920
2795
6680
-12390
-11696
-8760
9220
1920
6248
3456
-2256
7560
-512
93872
-7056
-8840
2686
1890
700
560
-5600
640
-1370
-2560
4032
4344
-1080
1008
-472
960
-2538
-216
-3136
100
-2232
-288
4416
9688
720
22192
16440
20052
-29442
900
-3056
1920
1024
-5060
10368
560
-1008
-96
-1268
-1890
5224
-3954
-3588
1280
-672
5832
-1050
-9144
-16200
-640
-15020
6078
-3484
14544
-576
252
-11520
-25920
-128
11072
3430
-988
240
3920
-3840
10080
-700
18150
5232
-2880
10206
7560
-25400
-7578
-9720
-8120
5380
2880
1152
-13774
-8412
-1760
-720
-8482
2960
30497
-2322
-4264
-810
8620
4376
-8424
-13824
2340
3720
5112
-3886
2496
-48
-16930
-62044
-2388
-13520
-20160
-7722
9464
-5760
-6912
-7488
-15210
17208
-576
-6912
-3808
2400
-5440
-11640
-27432
2050
-264
7320
2048
6000
-7160
-6432
-19440
-1494
3456
-1200
13908
8748
3024
-252
2800
-7660
-3424
5066
-72
-310
-6980
-2400
-480
21708
-8482
9780
1944
18720
936
1220
-6216
-1760
-9216
400
4864
-11650
-1600
-2952
288
4436
6916
7776
20727
-4232
-224
17874
1944
-13824
-17208
-11232
-4480
-2080
-17129
-1012
720
949
-1944
1890
-256
-3808
-1040
2754
192
3264
1764
5048
-19224
-4992
-432
-32396
-3072
1260
20756
-8064
-14400
12681
1334
16240
-4720
1512
-3456
47128
4008
756
-8820
-1912
800
1600
-96
-18112
1210
240
-3096
9200
-312
1008
4800
-840
468
-2224
-6876
-25920
3456
-4512
-15360
-19744
720
-6122
9760
30618
60
-45885
-2800
-6990
-28783
-5760
-11551
400
320
-324
-1680
-3340
-12936
-16583
-483
5040
-9960
-4096
-23868
-1515
1768
7938
-640
2688
-1856
5832
25758
34920
-960
450
-17150
15660
-1040
5040
1008
67118
-200
-12388
-6480
-1104
-6568
3584
1560
1320
3838
-3492
-16200
792
4232
-5200
-11790
1920
2976
320
768
-7840
-5040
13282
320
-2880
672
8064
-1088
-15200
-565
3464
19656
32562
2520
-1296
14736
512
-7375
-520
4992
-15916
-744
43842
3240
7040
588
10800
-20608
2744
-17820
-2575
-216
3456
-6340
-2016
1152
-60189
96
-13032
625
-82368
2160
-1408
-6804
3280
-12560
44125
-200
3360
2530
-940
-2456
14872
-14400
-4340
2646
-768
300
-4056
4544
-3840
87
-7896
5328
69549
3584
-12028
320
-6800
-3138
-12193
-2400
1080
11880
216
600
-80
-2880
3168
5871
4680
36760
480
-3200
-1280
2592
-5460
-16332
13696
720
-3920
1086
7384
-240
-1800
5752
936
-768
-5592
11280
16020
-400
-1558
17856
14248
6630
9600
23328
-3600
-1080
1596
216
-960
-14272
-1080
13042
2096
-8330
-16241
8744
1200
-1696
-20160
1600
-5664
-1216
6390
-1824
5584
5040
16524
-9000
-1440
9720
60
-25032
-5208
-1800
3360
-700
-7465
-15816
-360
-12852
-5888
25668
10368
-6048
14628
3456
-6480
28936
720
33407
-21408
756
1944
11322
-16680
-1624
64
1616
994
216
11250
-972
-16202
20202
-6282
9108
1000
80
-864
-6993
-4084
-2376
-6912
360
-1472
-840
-14256
-18216
-31104
4784
-2592
-36288
-3996
-320
33168
5424
4592
3712
-4158
-19440
-600
-72
700
-13440
7056
8958
-8064
-120
2160
8880
-384
-1728
-2172
3920
-8264
1620
6048
31288
-14616
33300
1440
12672
22716
-2875
-4752
-5120
1250
-26092
-30352
-1920
4350
45914
13536
17640
1080
2928
-23688
-2140
-700
560
-1020
-586
-1772
-5544
-4680
-48
5920
-600
11620
2692
14862
5760
968
-1792
37503
404
512
5184
20800
-1920
3528
12796
1350
1008
2040
-6265
600
-5040
1392
-240
-6592
6518
-6048
14362
104
2708
3150
-1080
-4032
840
-550
-18712
2480
-576
60
18168
1936
45272
-4480
-3568
-7936
35700
3120
13020
-1200
-11520
-1538
41050
11170
-2100
1620
-1482
13512
1890
-1976
12672
13568
4032
-448
1920
-216
-9370
2304
-10304
1120
6600
6850
2880
-2240
-5058
-14400
-7290
-8064
14680
4340
1828
8989
47832
20420
-3684
-1060
-250
-9216
-8320
-17408
-960
8640
-21368
-40293
10106
3688
1440
-120
-832
644
-3580
-7200
-5264
-864
1140
-2250
-1160
-2320
4928
-1270
-288
-2508
-1278
-9782
7182
-5400
4180
9620
-4680
3425
-3400
-3692
-14368
1920
576
3840
-5847
-17496
4500
-22348
-4400
4480
620
7679
-2400
-2430
3600
6912
11350
-1128
2784
-13216
-3440
-18144
2868
-20622
-144
-15609
-11694
-29384
-15480
1458
-12096
-8208
4640
720
-6080
800
5022
1808
864
-19177
-13764
-1200
1344
-15552
6224
-7640
-1792
-969
-288
-4608
2321
3040
-8375
5400
4032
-504
-1800
-7085
-30676
27800
12728
-72
1032
2016
-2520
-180
1080
6786
1536
-4755
34944
-14112
-1467
768
-32516
4425
-1764
9504
1610
-900
-8178
1680
4516
2048
672
-11732
25584
-2160
15510
42325
-2880
2016
22536
2016
2240
8030
10912
5400
2456
-14714
-1080
-20736
-1536
28582
-1336
768
14564
-2136
6190
1120
1512
480
1536
21060
-3024
-20412
-1832
-8260
-3456
51062
-65070
2160
13608
-96
280
-480
2304
18144
2160
-1600
-1120
-648
7200
-150
-936
3200
-192
4896
1663
-6048
3888
2520
-16304
2672
-14724
17120
-7776
2880
11872
7180
-2400
-9216
-528
30825
1688
30538
29862
-5848
6575
744
45500
-9072
-4200
-9952
6912
7936
-16623
2300
-3240
1728
-4310
4368
-1536
2160
26804
6048
-8740
-728
-8640
8751
-5296
-1490
-3465
-1400
10720
785
288
17210
-235
36720
-11780
-18640
-14723
-796
30618
6920
-6886
-7880
-6696
-600
-3780
-640
6554
11034
12360
2432
-13956
-5616
-1088
-12150
2148
960
1808
-8576
-1344
-3840
2970
-3830
2250
5760
360
-7672
-120
33834
-1260
8499
-1240
-3040
-24209
1408
1008
-4425
-2200
-17981
14220
-4690
-192
-4384
4860
1728
-2520
1008
1392
25169
1536
-864
-6480
764
8568
-40576
-708
8496
6200
6050
-8496
10396
-5184
-2980
-15568
1890
-3870
3980
4992
-7426
-4320
3870
10048
-18606
-5546
-10880
622
125
140
25920
368
11592
-288
7680
-8960
37305
6370
32940
-90
-1367
-8009
-23992
900
-4608
1200
-1440
-9711
-1908
1500
-3950
672
88008
-17820
1344
-1728
-9860
-13230
-7420
-8803
4000
4232
1600
756
1079
-7632
12960
4536
-1440
-2200
108
-480
-10336
21760
-4432
23760
-1815
-4720
-3240
14032
15552
1560
6200
-840
-12130
2430
10963
-3584
384
5184
-5724
8264
-3200
-8165
10196
-2020
-496
-5552
-576
-258
440
-40824
-8432
1896
15876
-2080
15664
-1400
-1440
-1536
-3240
4392
-11951
4352
1200
-125
1440
-9216
-6198
444
640
120
668
3024
3024
-4480
-1728
-17175
-10080
-8160
-10464
-18085
500
6248
-7056
2592
1480
-1920
28325
1400
-1360
-9186
-6678
1032
2787
-7776
-1896
768
-6542
1100
2880
7616
-25730
38700
1125
-5200
-752
-1440
1764
1424
1286
-11742
-35788
-8064
13854
1275
1070
-5600
1440
-5104
21870
-12096
9920
5388
11272
7776
39437
3960
-6804
365
-11520
-18144
720
-2016
-12096
12864
-840
12256
1280
1024
5760
-7925
-640
1368
840
4880
-5292
-2786
-4584
1440
-41231
-1536
16668
-11546
3150
16489
3680
1744
-5870
1280
6712
9720
7380
23218
576
4580
12257
12827
-64590
7560
216
25760
80
-1800
1296
2980
7920
-648
4768
5376
-10584
5040
-8640
-27420
-2880
456
-34441
312
7290
-7020
13824
-22445
34904
-8820
-7936
-44200
-2746
-21546
45756
7575
5952
-18000
-1800
672
-32716
1540
-13130
-11262
-5040
6048
3040
7202
-376
-2944
-776
-2560
4144
-16128
19848
2432
3402
-10151
3968
-54135
13752
-504
7688
58180
1276
-784
6240
-360
-3760
-15544
29908
5680
-4536
-700
-6464
6480
-2880
9216
3432
-16468
1280
-336
8073
960
7056
-13600
-402
-13824
14400
-27528
8748
1280
37216
4640
768
4032
37400
22696
-2862
9711
3800
4032
-14256
11264
792
-990
-7416
-1800
1472
600
9720
504
7000
20160
-700
8080
1248
1508
-880
3104
7290
1536
-2430
-5376
26671
1408
-2880
33722
3456
-1680
-3418
-4608
1350
12074
800
720
-18000
-1200
3160
-59544
-1064
-12560
-2016
-15552
1395
7030
432
1600
8016
13776
2318
1024
-3015
3584
-25940
-4700
-13216
724
2880
-14425
2304
-7056
7632
-3666
-3960
-692
5040
-16128
5472
13410
2752
-720
-240
1920
-2952
-2442
-9552
-9612
-29774
1400
2120
3456
-648
-4392
3816
25792
2880
-768
-592
1736
1260
16184
4320
-2928
-6184
720
-5040
-360
8680
-4050
-13016
-5800
-775
192
-7408
-1134
-3456
150
-2016
14976
-8460
-2608
-5936
-7830
-2550
-4320
-4638
-31104
-3780
-3184
2933
196
8375
13106
-9988
-2602
27380
5400
1728
1260
504
-3920
-33612
624
2000
8199
6895
-9216
2815
2112
-6120
3150
-1276
8540
-1440
-3072
-3240
3616
16216
-22632
-13684
5472
-1659
-10840
-12620
-3024
7900
-4360
-7772
-25120
-7560
-5760
-41472
-5202
-3368
-1152
-7520
-6474
-3888
660
1568
1656
16861
1824
1296
8640
10513
15816
-945
14912
625
-4000
-2250
216
6048
-6440
348
-8540
1584
26436
960
-51372
-7168
-25272
-1336
1386
-4648
-480
14688
1140
4608
1940
-13040
1950
832
1152
1190
-2560
91340
10368
11812
8320
-12634
-792
-1340
983
-2860
3024
-5208
10440
1020
15016
1440
-9888
-22930
-5990
-660
-11628
2204
-11160
-16992
4176
-7182
-22655
648
-36320
640
200
1960
-10170
-25920
-23988
-7272
-384
11214
2160
19188
21200
7920
-192
-30875
1900
1960
-7700
-810
-4608
32208
3584
-6048
-1344
2553
28189
-4050
-7880
1194
9984
-59256
-72
-3420
14849
-2332
-12096
3040
5324
2416
-300
14040
2700
-784
-3360
840
280
-20736
2268
3072
-18006
5776
-27216
256
-440
3684
980
-1169
-513
4704
1334
-2463
-10368
9000
-5600
23662
1350
-1095
-1800
960
2592
15840
-38292
21288
51978
-3024
-9888
-60
350
31984
13712
-3072
200
1776
5680
-1716
4988
-960
9760
-96
-18622
21330
-9288
-912
-3264
8893
2304
-5722
2600
5616
2528
4396
-10608
512
-27216
-8902
2000
-3300
17541
1650
-8280
1040
6907
-480
16578
-1296
14483
-2160
4730
3456
24284
1824
5096
-2560
-1728
7665
-8336
1152
3320
13504
2688
13824
-896
-4672
3180
280
-15430
-4500
47616
4776
-1440
-6048
-900
2184
5040
-3240
-13114
2800
-1060
-6496
-10752
24456
-275
-600
3448
15876
12753
-6680
5760
-6392
1152
488
-648
24480
10800
-6624
-19440
-1395
3008
5832
1120
-4512
4176
-480
6912
-23035
-495
1644
-160
-1792
-35212
-19440
-60
3456
480
5847
10760
-600
3720
-2304
-13576
15120
16636
-2352
4032
-9288
38242
11048
-3264
-2848
-20015
10186
-14515
13520
-1864
-1071
-3972
1152
-9268
-600
-4176
-10454
-19084
-144
-12768
37947
-2920
-6910
3288
-4280
27414
-3150
4896
-7407
-10368
-800
7904
1350
-7488
512
-7776
16625
-23840
-12096
1440
1008
4284
-2426
1620
768
-6144
2960
-4409
-250
216
-1080
7344
6300
2817
-5856
-10248
-41620
-6072
711
6940
-864
31104
3176
10584
-1320
-20736
24575
-1628
-12150
1404
-792
-4608
21618
-3888
22722
-4432
-3360
5904
-5184
-1251
-24975
-1060
-4110
-8014
9720
-540
-8512
-26073
-9460
10848
-9048
-1512
-30456
-12168
-18144
-5904
2102
-1656
-5760
5040
30618
5688
12350
-720
-3780
-2416
-21398
2304
-7378
-2022
-12258
-4320
400
-2272
-1152
-5
-18129
-3240
-1700
15552
-2016
330
-6395
-11475
-21510
4240
1150
-1600
9360
48
10674
-15876
-504
-94128
3328
360
3070
-696
-5120
1386
10240
2520
-5670
8856
3024
1536
-1350
8184
6049
1620
-672
11496
15904
26061
-8990
6156
-5184
-6912
12960
33390
-972
-300
-1600
4000
-6880
9458
-3850
-26353
812
-45874
-9666
12392
-1120
-21780
9900
-5752
1120
-5832
588
39416
-6370
-4288
240
-3840
26125
-3150
17124
2510
-3796
-1344
5376
450
-3500
-2184
-4536
3400
-19654
-2240
-11976
10206
-800
-336
27135
1368
7056
19080
3200
4320
-864
9720
-108
-5800
-8316
-4320
5150
-5976
-14400
8964
2280
742
-1920
23595
-1650
6984
-2592
-18432
6912
-1296
5442
-4728
-810
-31335
1800
-9070
-6984
26032
-11172
992
7320
-17280
-168
-6480
-19008
-5488
1460
5794
-11664
-1890
7131
-1824
-1024
10747
8544
-1774
-5832
-10098
2000
5940
-1892
216
-864
6840
-4050
-2800
21993
9468
-3780
-120
-15552
38052
7261
1800
-576
-960
16944
7368
13440
7856
-4788
-2900
5760
3456
21353
-15760
3760
-3160
-4752
192
-2080
-6678
-480
12800
-1512
424
2106
12256
-77044
-12501
-12150
-18750
3465
-5490
-8820
11140
-16088
3184
960
640
-1152
-144
-29100
-2005
-18486
-8912
-27176
-2880
-2016
64212
-2980
-2560
320
-1680
1410
-3552
-10238
-512
-14580
8992
26890
17872
-7200
4864
900
-1536
-22923
4748
-2016
6048
9072
12782
2700
384
-48960
49392
-1620
-13005
-8832
-1056
-2700
2987
14112
-1296
7236
512
-6912
17860
-96633
-1824
-2100
-200
-8816
5672
15552
2000
-1590
-8064
24570
-19440
656
-953
-240
4096
21222
-10800
324
2864
5120
-2970
-21656
-13936
15840
14400
2712
310
-12096
-19768
5492
5112
-1152
-17761
2080
2025
18816
-24556
-3720
1120
-3312
-11920
768
-2912
3836
3632
1080
-2016
-128
-5240
-15912
-1368
5160
1184
36265
1225
23127
-5472
-35721
-2896
14928
-15552
-9225
3240
-26376
13824
10205
11376
-768
-19378
392
-22734
-1120
-2592
-2800
144
1440
-2025
3350
7992
41688
7342
-96
976
6144
-1440
-7180
3880
-20412
4096
6432
-12096
1968
-2088
-2641
25878
4000
-33443
9072
1944
-420
11355
4440
-2700
1512
-40392
13229
4992
33481
-7200
-26862
-160
-1800
-1850
-5184
480
4050
-4236
-4788
-8832
-2368
-7200
11840
-13256
35114
9910
-700
-8331
-1690
-2072
-1536
13440
-192
8910
-3178
26876
-9968
2128
-10176
41832
-2864
-8090
4856
72
-8512
-3275
-1200
-5136
14176
34429
-5640
2808
-144
32688
-1600
-448
240
-6912
458
-1024
-10920
-4192
-11815
-6912
2400
-3360
1224
21708
1512
-980
1728
-11244
6908
-360
-2808
13315
25609
-28280
2592
6736
-980
3040
7488
-6480
-270
-2340
-9668
4928
-800
-800
15390
3646
3823
25712
5000
250
-1632
-7890
2856
1350
450
-1280
-8865
-3024
-960
1728
-2880
-2275
-8596
-5736
200
980
1512
-2400
-1728
-13011
-991
-4550
-21824
-5040
2592
-4320
-480
1578
768
-5094
16832
-2565
670
11102
-952
12630
-20736
-6804
2016
256
-3456
72
-1296
-34402
6830
-492
-6960
5528
64200
4790
708
-5406
4392
-1024
-17100
2354
4536
-2184
-3024
-1400
-2880
13690
6920
-812
2035
-972
-9280
-5052
-20412
18432
-5072
13794
4096
-62325
-600
448
20844
1772
2592
-14742
2816
-100
7904
-3370
15320
5850
520
-7160
468
-14400
-5632
-45690
540
-756
-31644
1760
2304
-13280
10462
2500
1080
-3136
3024
24503
-3008
9080
-6075
-2412
28600
-2880
-1200
900
-720
3380
-16520
-36310
870
8837
6480
2184
-8384
-5184
18787
1164
7500
-1200
-9720
-1500
10368
-19713
1155
-3240
-6614
-2640
13476
-4096
-2880
-14840
-8800
-12586
11772
3536
3240
4512
12320
4675
7252
7100
2160
8000
11721
10224
360
19584
1300
5300
-864
1696
14960
2592
-3228
-17322
8955
-16848
-1120
-1764
5460
-1200
-4504
1080
-55404
3240
-5040
288
356
1600
-6360
4960
25408
1200
1712
420
-4032
21361
2268
15432
4112
86318
-28360
-13696
-21454
-2700
-320
-160
12240
-288
72
960
-2833
-8548
1068
-9850
-5184
2375
2555
-12392
-980
-2064
756
-6195
-5560
-9744
720
-3060
-15248
4608
-1632
-4032
-1836
-144
-30645
-11616
-30640
13442
-2520
-10290
-8694
53757
7960
-4910
-6272
-1960
3808
-1200
11504
264
11664
3080
-18776
470
684
-880
1750
1368
-9216
36806
-4624
-5400
-10862
8957
-900
-720
-1692
220
2088
6624
-13608
-17298
104
648
-2760
-5480
-31494
-7560
468
-3570
-1918
-1728
2592
-240
-1200
-1536
15700
-400
-4320
-1440
29160
-33375
4992
840
14230
-5184
2520
6616
-4640
1440
-1512
-5040
-150
-11379
910
-960
-9248
454
1400
-3136
-6048
-88
2648
-1240
-4032
-432
-12360
22418
-5460
-456
-1260
-288
4320
1966
66856
40
24300
3500
-2158
3880
-1728
-7028
-384
-504
-4087
-4608
24672
-2450
-576
41580
-10368
-980
5170
23676
3280
-1862
-18880
-7768
384
3360
20640
-5108
-8586
-2772
6528
4680
-3742
196
-1144
-2105
15360
360
-30348
30150
-6784
-3590
-2070
-1200
4894
3328
15878
-1152
4950
-800
5664
1512
-280
-2601
28892
18306
10584
-3306
-960
-620
5568
-3200
-11592
-21276
496
-720
-12538
324
-9359
-720
-2272
4100
4064
-5584
800
-4830
-32308
-7308
20080
4284
9216
-19933
942
700
2400
-512
-330
-1908
-315
-384
960
-12
2935
-16900
6378
15280
-12396
-6400
2560
6112
5724
18353
-3348
640
464
-400
2800
4612
-19437
-2430
1000
-378
3240
14174
-17576
3456
77778
5000
12024
6240
-14985
-20357
21368
2500
-448
-12460
2896
34880
1350
11448
-10740
642
6075
-1325
-18830
1314
20736
14823
4200
6804
-576
-16110
2268
11232
768
-7776
-11330
-150
-1944
300
-1750
23400
12120
1820
648
1312
-12996
-1400
-4200
6804
-14468
-5240
-672
-28530
9000
7040
-1620
-16649
-3600
2320
9720
-1960
792
8730
2520
2560
3416
1088
-8646
-11336
-165
-1593
-648
4700
-8084
2560
-11880
-1760
-4320
-21928
-400
2848
1240
9574
-2860
225
4004
-16200
864
-1728
896
4992
2485
-504
-17280
1492
3024
-6648
-7812
-16644
-2592
-4530
3600
-1714
10550
-6020
192
-720
-11840
-6443
609
2160
-6537
784
2100
1296
-27432
11008
-1224
12990
32845
-240
-1008
4400
-900
-110
2304
-6768
1360
840
800
17720
31135
-23345
200
4304
-216
2592
4608
-180
6912
-315
14080
-4320
-4536
2860
-6148
-4120
-7038
20458
936
24424
4160
-9408
-10080
-3375
-9293
1280
-1080
1024
1200
1440
-6712
5150
-216
10080
7966
-800
-1568
128
-12596
-3464
4199
-7360
3528
7776
4280
-3264
1520
16272
-1018
360
616
-1824
2010
-840
-980
2592
11012
12816
-584
-800
960
21736
4032
4050
-15744
-3114
8900
1920
2875
-704
2552
2280
-1764
18896
-22172
-480
-3744
10800
21764
8748
1740
160
-315
-12480
25920
-10068
1620
-60
-720
7080
480
-21800
-1152
-21920
-2128
9792
8844
7600
3072
-4620
-2400
-25010
4900
10649
-5040
4352
45432
10448
960
-3208
448
1152
648
-4200
14310
-1440
17486
-1440
7560
6376
-4446
19440
4800
1962
10972
125
648
-96
7904
-2016
-3528
3776
628
-2800
936
8640
-864
-300
-6832
-4536
896
660
-5800
-1008
15998
-800
6596
5360
2160
2096
-3024
-10000
14328
9288
-76662
-468
-28188
31860
-4176
600
-4002
-1200
5377
-5490
3280
7920
-576
-1248
-9216
1416
4816
-2160
2720
720
-2408
-576
384
368
1496
5832
2000
1800
28656
1314
-5248
-2000
14130
-12060
-16128
16560
-2400
-288
-37133
980
2240
-7623
-2328
10584
-2742
8456
31700
1344
2800
