-77962
-13560
-57120
-10072
-5376
-3828
-48
-5400
8100
9080
-3626
3960
-720
1728
-17522
-400
-9520
400
-11520
-5144
-216
-1728
-9536
19040
13080
-93849
720
4800
3216
-12320
-2592
116371
-3920
-9340
-14448
-12600
3816
-17074
-16816
58170
-3240
53676
6080
-6814
-552
1368
15472
17792
-10000
1184
-53226
2520
-33388
24
-169960
2940
-444
-2592
20756
4640
-74030
-15564
51554
-4320
41696
-182
-784
6720
5868
-43670
2232
-1600
240
504
9788
31719
-25520
7584
22120
2198
-9680
-155748
8676
36998
-8448
-4320
-720
-18528
51030
-23256
67660
-39660
-960
-16128
2160
-263406
30240
120
5502
-504
-81516
-6720
960
-9780
-504
16000
5022
1920
47272
-37536
-9720
2376
-10110
-280
-3828
20160
-9120
-4576
-3480
-608
11760
9024
27804
-432
-33936
-600
6720
3420
-2240
2508
672
1056
29069
92276
5120
9600
-5040
7560
-1440
30600
-41520
39100
-52752
6516
-20190
21480
-14760
-2880
79460
15820
72592
2160
41228
13328
-240
-58416
-1728
3300
-2400
200
-7440
85964
980
10108
11920
2744
-14400
3840
1848
-8040
-3324
95128
25008
-1680
840
-32732
-5760
1776
6600
-7428
-34020
432
-13600
10800
-1680
17064
37580
3600
4920
11132
17220
45360
-13744
-624
1664
2988
-240
4560
4752
1470
-2184
88080
-3360
-20678
-24200
87911
15908
-1440
180632
66654
61840
-3888
14246
-19020
16940
13520
5040
36072
2940
-8860
-21144
17604
-3840
12950
18592
4448
1960
-2352
-4536
-15840
27232
-3780
-106500
-1680
-208
-480
-12112
-71158
1336
1120
196
-54420
-12160
1704
-155702
-8952
75628
-30424
-3380
-11340
79702
420
-3360
-3600
17928
-12096
33936
24076
6480
12200
43200
6820
16464
3514
1504
-5908
-11920
7700
2160
-3072
-10324
-7080
-1944
-46192
-18288
-26460
-47400
-1946
4320
2800
24084
1200
35454
-20196
-4200
29280
3240
34720
37590
-2400
-4200
8194
-6060
6240
-86616
17772
-240
-3504
-28692
-36480
19980
-32400
-800
-125447
-25580
7560
-4124
-80400
20616
-2040
-25194
1428
-672
-32424
12312
3360
-9180
-1874
-5344
1944
-5400
144
-1440
4192
-55128
6520
5320
-144
-98070
-3066
133764
13818
-19460
-73500
2734
-26784
-34020
32600
24
-55998
-3808
720
-18832
5760
-280
-26700
-5840
832
-13020
-8016
-18640
22952
10320
-40728
-1632
4800
-2932
-46096
30520
-240
-12064
-3360
720
1664
-25128
-22815
504
7560
-26400
5040
1152
-31082
-5376
-9984
30064
280
2640
-24300
-50910
4800
-3360
-2704
23220
-8912
-40110
-10202
6300
2940
-38856
78034
1920
-21400
-490
5112
4200
-5390
22744
10080
-13512
-1280
28508
-25980
-24696
125116
48232
-728
-3360
-6498
-1080
-8688
-400
1920
2940
7360
-5033
-20520
1008
-19212
6748
12432
-1428
-27740
24880
-38398
1440
-3740
11080
6608
-22680
-14272
-69928
-6070
19800
-960
75208
-50520
-8160
2835
2590
17280
-30660
4732
-74916
2520
26836
-208
26880
2820
3096
3600
3964
68148
-20140
19396
5760
-742
-12000
-1200
-45437
9864
42948
-90240
1712
-1680
-10880
-240
5300
80
-6048
8640
-10140
15120
-28280
-4900
1176
576
39780
9432
11304
4932
-19922
34160
54880
372
-352
-4872
108528
4128
2700
5220
-34128
53884
-6340
122200
9840
-59296
-56480
2800
36880
-19500
-168
-3424
-2864
-1920
17556
27489
19896
13056
-3888
-1368
-20112
-8400
-7924
-14940
2472
23680
117400
840
-916
468
60736
11732
3366
1152
-16932
19900
65936
-1666
448
-8024
-32400
-36142
-5824
-5504
-1440
7560
2588
-62520
2016
5880
2528
14640
-20598
-185210
12032
-83410
45120
48300
224
-50204
113324
15343
8880
-6480
-18780
-4032
2592
-7500
-70440
30870
-18570
-32358
20696
9216
-1176
-112795
360
5880
4320
700
16200
2400
7680
-3456
2268
3576
2080
-1944
8696
-1248
-6480
3240
3020
-2520
-240
5220
52282
3344
11760
4272
30708
7440
-1080
560
33880
12460
-180
-8736
-800
-1872
-34740
264
-4520
-18480
21168
1468
-5280
-37352
1344
13048
45212
-36500
-36754
-15504
360
-5472
-32768
-13820
2760
22440
8960
9052
768
-8316
10240
-1060
-27204
-31336
-2968
720
15372
7200
1280
-6076
480
-14320
6460
11364
-22050
51250
8496
-1680
20874
3988
-1728
160
35280
-3700
10800
11340
-32198
10080
-4320
-1488
-20088
772
4032
-16208
-746
3648
672
-23800
924
-4320
-420
16740
-2400
11014
19308
12264
-57658
37686
-115592
-7344
19208
2100
10080
-6230
1872
10512
1176
-42060
720
-17736
9504
9453
109512
8520
1888
-1512
-1800
-157492
1680
51312
-1512
-63328
-1440
-7092
-55420
16784
10696
1376
14208
-1679
164244
90544
-19528
95368
-10576
2700
-20128
-7888
5900
18000
-120
-113262
-672
-2800
-23520
-20752
-9600
-11680
-2880
8384
5820
-4944
1920
-28076
20820
7780
-4380
-5880
6480
35080
-5684
80980
648
58716
19200
-53740
-12744
-480
24080
-35296
504
57582
154024
4536
21270
27816
660
12440
-2880
480
-800
-36556
-960
144
50302
-51448
-11920
-15410
-32400
756
6290
4900
3312
62494
21240
1344
-22176
1176
-5576
224
-1056
-1620
320
-504
3600
28980
10676
-1820
576
-144
-5400
-48600
192
-12272
60380
2600
-728
-2150
-140104
11040
159292
25620
41224
-20604
-164386
-15816
39234
15240
5340
-4104
1803
-12512
-5184
2640
-16392
3360
-2148
-28733
-2718
-1248
-9030
-9720
29908
43076
18464
800
10800
14320
-16544
60760
48
52172
5100
-3780
-1280
-17280
2712
-1400
10512
2240
1680
4032
79871
-3360
12150
-38624
-864
-13500
-2940
-6888
-111492
-5260
7200
2064
-39212
-45900
-40
40864
18516
36692
49186
-1344
-1120
63110
-1680
33600
-2660
23306
11130
8240
-69120
-9504
-32468
7768
-10080
12652
3456
74752
-1280
476
-12775
2280
-10170
3660
11068
-7010
13416
-76686
9840
-12960
-118550
288
-3000
-1980
-5400
-3300
-128550
31248
-24036
24583
-6840
630
26326
37838
9450
-30670
5400
-24052
-118552
4128
-3340
1080
6688
5880
23112
10800
-5040
-36192
-2264
-64389
15360
8110
46060
-25260
-35708
-37520
4320
-24132
7560
16556
-424
9984
8112
4224
-22456
-1680
1080
-1584
-7168
-8808
20828
-3592
-15800
184
-936
18092
288
-8680
-31730
-1512
65888
-12176
1202
5568
6620
-96600
-560
-7800
-240
-24440
-1925
720
-36256
-11520
-13727
-5880
-14376
10138
-3430
-192
26880
-1440
-4920
-2560
3192
-8276
-13212
2688
-432
-133192
-60776
-36984
-280
-16624
-1680
-43888
-4796
-1140
52920
-31104
3804
15876
-1152
160
-55440
-5112
8896
136631
-4744
-9984
14400
-43820
-672
11792
-82656
-1200
-16554
2808
2072
-53310
-2320
2620
-78736
-5376
118904
-9032
12920
-720
-29736
6744
9720
75342
-12432
1680
144
-17996
-2400
7920
2160
9024
400
11312
-6748
-9240
-6368
6480
-4305
-23740
5864
9504
-80
-1960
6824
-1320
30870
-11116
13824
-18480
-4560
180
-8960
-6810
58930
-504
-8
3120
9000
-10640
1224
-6624
-5480
-9720
9648
-25200
-280
10400
-12760
-31200
83644
-44012
-30000
37192
1080
-5760
49878
22040
-360
-31044
-43764
18884
-96
960
-38720
1220
3024
41160
21792
-6720
320
-6720
560
8388
11040
-200
30696
-40192
7560
-22080
110328
-12300
-3360
1008
-1046
832
3024
2880
-97200
63477
4816
-18024
13020
75482
6720
11200
-1728
272
-28560
1920
1728
-31620
-3456
140
1080
-25920
32403
-5520
3912
100023
-16308
828
-125402
-5736
-65212
-360
-46516
-28120
10920
-3360
3360
-3408
40680
38810
7140
2376
-1728
31864
12930
20880
19632
-8400
-610
-144
14400
15396
-7272
4320
3136
27480
-48238
-6864
47340
240
21392
7776
-21744
-17280
-37416
-42840
72024
-8640
3696
-2700
90940
-3240
1400
-420
8982
-1596
336
-4480
-51202
-8640
1248
-16800
5754
-6720
4320
-5400
10944
40656
-592
4896
-896
-2580
3480
-840
2560
-1056
39508
26838
-3868
-8060
7436
-3600
19200
-13860
-15120
34482
-5040
320
10848
41850
140
-15876
7280
-66548
-4970
-6720
27640
-4544
-3592
8400
-4920
-1760
8052
-11712
-96
-100184
-11132
27560
-8640
-3780
56600
-5132
-36896
5328
-4200
18312
3014
1320
-6240
-42076
-1890
15246
14445
1092
10290
2112
420
5856
1600
-15556
5400
34055
-57198
-113492
6912
-69360
149136
74568
-696
99172
-2160
4276
17360
240
-7700
-9892
16632
3168
-11870
96
21360
-12672
-8643
2400
2080
-8946
28080
-720
-728
-3024
3920
2400
-8992
-71461
40600
472
17124
-96
2520
7144
-23520
9504
-8136
-1120
-1680
5104
-14612
-28980
1620
-13248
7568
66948
164782
2232
17280
200
73800
9600
-1416
-3780
31668
-4968
3675
9080
-560
161658
-4480
-34500
78240
-38008
-720
-19470
5040
-1824
-18000
-8640
-1680
13022
43456
-14496
-2328
1080
660
-13832
-43646
20800
-13482
-14672
-14400
1176
-4392
960
7560
-51333
1260
-39120
4328
3576
568
-7504
-80580
-26000
-26988
1920
-31064
93332
2940
420
-32160
120
-2670
63000
-1424
984
-2240
37478
-14784
39300
1472
4648
-7560
106246
42600
3276
768
28930
14160
-5820
-140
-428
4544
-840
29452
2320
46732
-25984
820
18360
39004
-7344
-12960
-46347
-96
-30800
-15680
-159220
-30948
10080
-53502
-14284
10360
6272
-10614
-23520
-490
19488
-2520
144
-8736
-37152
-19551
7680
336
19542
16299
-1008
8096
560
-47874
-54240
8640
-24760
-5646
22830
19600
11648
-64066
-7644
-13140
-9264
3888
3424
15298
-9720
-38080
-1800
-10480
44492
-4400
11664
-8052
728
59236
20228
-36346
-980
-115192
-35314
24250
141750
54288
3840
1960
23856
9600
-21720
672
-11510
-29748
-24624
1776
-13995
-78322
2976
-1680
3920
2584
1508
-6336
-1172
2554
4160
67802
31974
58422
-44532
-1800
43200
15914
-7056
-12584
-6164
7812
-52224
10648
-9720
93783
-11336
-560
-780
1152
-336
-8772
4320
-6552
-9720
16668
2800
-1760
12492
-44020
173556
-14000
-560
4320
-13152
2472
-160662
28544
196
22050
15680
18144
4640
-2700
400
1680
-6960
7400
480
480
5596
1068
-50656
-800
6480
22296
540
-2520
1800
-24992
45600
-18144
51396
-91176
-6344
-264
3240
392
-49456
-4800
150
47004
-186076
840
-7184
-64080
-240
-44160
9660
-2640
2330
11808
3420
3888
-480
-10248
-6660
6720
-2576
-21600
32680
-36983
-18046
-17630
-34440
1032
26574
134524
600
-672
-672
-49266
-12110
7560
-4290
40834
5760
-28800
4260
-4200
2450
768
-26880
800
3780
3000
-3936
-768
-33288
9546
20768
16800
3736
-30466
27292
-1380
152448
-526
-40068
-300
2604
-47646
-10240
-5040
-10080
-1200
-3660
3788
-6988
2376
4944
-9786
11444
-10807
-120
-1274
-14496
9684
-2100
-36288
-11512
19444
-28328
-2772
9660
-31680
11880
45652
135358
3400
6840
2910
24300
-7960
9940
-280
640
21772
-2940
2208
22680
-600
3920
5040
15480
-352
-15840
-50400
59360
-8736
-38340
-4680
41430
1824
36812
-16456
-600
200
6976
16415
-7354
-1440
-6240
2160
9480
-560
4320
720
24878
83440
5400
-23688
55104
6720
812
-18900
-400
31584
5652
-5676
47208
17888
3360
-6552
18480
40208
-5760
-1288
41960
-39960
-4284
-7392
8694
96
-904
-2630
28470
31864
7948
-4490
-8640
-84
-6404
14232
-25308
-4224
15720
8640
300
-28140
6120
-11419
-288
-31508
76076
-6013
18960
-12274
-87480
60552
-26422
1140
-19615
43792
21600
-8372
-3456
-5040
-18200
85500
-4024
19224
44360
-288
384
6312
315
13312
756
-2380
-15840
-864
-21600
-8248
6300
-4320
3864
-20080
768
3412
64856
-1620
21948
18000
26754
-700
-1392
-19320
64386
-15246
34992
-1952
800
51552
-2720
-2400
-1320
-1420
-2520
16004
-1002
15155
-384
297012
-3792
-1080
5544
-24400
6090
-19210
-4200
38472
27184
-4800
3240
-4416
5040
72102
8400
43680
17120
4368
4480
23760
-7200
-1008
3264
88
7120
300
-7560
240
-1380
6240
-68760
3412
-168
8096
34300
-19440
-14700
-5304
-280
-17768
-27004
-2240
4620
-24304
39258
-16024
1500
5120
-4704
-40204
4080
-50610
-10816
4416
-21684
2688
-44756
-5016
-16584
79128
17103
-6720
-20760
30624
24560
-24012
13440
1080
-18002
11340
-7672
3528
13540
13168
-16560
-2800
-120
17712
-4620
-19008
18320
-6860
69292
14400
1620
30578
-3270
97560
-6480
-3360
-2240
43918
-280
96
-7756
-1120
768
-21600
3480
60918
-11760
-11520
1680
110160
-5648
55776
-480
24276
-25698
-5600
-1380
-53916
-3676
1720
-720
1152
-3052
-960
15120
-18016
480
960
-560
14008
12240
884
-1680
-33060
2862
-25660
630
-89824
1344
-624
-77648
-40968
400
-42777
-19860
-7608
5880
7560
-13384
1008
-48084
-80576
3456
107941
1168
-28960
-7344
-13920
2846
-14040
65660
8688
-3500
-1400
24772
43548
-2988
10800
120
18060
79106
-6480
-600
23980
9632
-29952
-16190
25112
-29664
6256
800
-3600
-1008
-34246
-1920
-10980
-12500
2800
-2900
9840
100670
-8714
6336
-1680
4320
88
-31018
59232
550
35280
-37480
-3240
38616
-648
-3760
20160
-18804
-1344
-55800
672
8400
1260
-8640
-3456
4978
23010
-4236
38640
2268
-840
-38174
14760
-40110
240
360
19320
-60
19120
-16632
-1680
-1224
54656
18920
-20024
2880
2160
-103410
-2779
-8760
-3840
-520
-848
-8400
-20960
1800
840
-58584
20640
800
744
-8640
9600
-2982
14920
-144
-71378
11384
22652
-11340
39900
-77500
7500
29400
168
-6874
102338
-28000
2880
-15968
-25200
3420
43200
-5040
2060
-612
-19828
3220
4224
1800
-37176
462
-1016
8448
-4228
-6720
8640
3960
600
22093
28560
4264
-190838
12480
-480
-9552
1080
22618
-15120
-2720
-30720
-39410
-2240
-10080
8568
27000
13000
2688
-6300
-10080
46660
-4480
5136
-17220
19068
-73572
8196
3360
-130444
9984
-692
12768
44268
6012
23700
-28096
-3032
67796
49536
2600
-19830
-24300
17040
-60792
26398
-8280
-21708
8400
1920
576
-4200
11020
-960
-12312
-5376
-28632
-6720
-5760
-5400
-9600
-31024
38246
-3180
-600
126715
-4515
-3170
18740
2160
3138
1560
-12960
-1112
-16440
-5912
-4032
-36044
-43200
-5544
-672
6992
1080
14616
-2724
-4776
1380
23768
-6684
35684
-4368
4240
1152
-3360
17248
-328
1128
17220
36072
103226
-6482
-32160
-3900
82206
-3360
38172
1100
-55776
1740
18240
-960
-115636
-20304
37824
25992
-78780
-2160
-31808
-4410
208
-9120
41340
-43776
38920
3184
3442
3780
75636
-55198
51852
-54180
83126
-2972
-34062
22174
-1200
8880
42534
10808
3840
3780
25704
42880
8820
-3120
60348
16804
1533
-50336
-10800
192
4200
33320
-960
-4800
7688
-6720
1176
-17496
62640
28686
-16800
-3240
-1680
-9720
-4144
25900
-7392
-920
36856
11464
-8742
13520
-19880
-32
900
-12700
71629
2800
19440
36124
928
60074
9600
8240
9192
-5120
35244
-840
12600
92864
-11520
-15456
17640
-65396
-3072
-22428
-328402
980
44394
1200
-2940
8680
-30432
-26480
14760
-17928
-1920
-3888
-2880
102831
11340
-54360
23308
-1298
-504
-160
-9032
-17562
16200
-123508
1120
-17832
1400
156489
21540
16560
-97420
24732
30402
-16256
3744
3888
240
-14456
-25830
-5203
-2212
-23520
-29140
-19980
-27696
15712
-23850
10360
-6300
-22890
-2948
14700
81092
-66640
2376
-1960
-240
1918
45000
-40
-6048
5790
-1512
30400
-980
-15120
-4596
-24015
1608
-16512
3888
63980
19040
-560
-16104
6020
-160
-684
17028
49840
32532
-2808
-17660
107092
22680
13696
-19618
-7588
1600
56224
44296
6400
576
-121680
50250
23040
-2400
-4392
-568
-25560
-672
3360
-1800
-12320
9512
31920
1872
-144
-4856
840
-5760
-1120
24910
1564
-1248
-29920
-6992
-4410
-10144
-30900
-400
12040
868
-23940
-3440
1248
13440
-14784
-22272
-8172
-50366
7200
21245
2316
1312
53238
-58394
-140
64392
560
-4032
5400
-63312
-58122
-6020
-33044
10800
10848
-2560
112
-1080
-26784
-24450
-40500
840
1540
960
13200
-6720
-2880
-4900
-24608
6240
7680
-28140
-11964
1520
21168
-5784
-14880
-38907
110308
17820
10800
-4020
4800
2460
-3024
-516
75584
38474
466
70560
-103676
8400
1600
-7560
-2160
-4220
-640
12360
61504
10080
-1040
-180
-742
2832
-14700
6720
3024
38232
-19520
-1512
-280
3633
16320
23520
-2340
89324
7756
-1068
672
-17504
-6240
43080
-8196
60
110972
-70452
101984
480
-960
2334
-480
33000
-2520
7840
4200
-6300
1680
864
880
-13824
-100
-49934
5432
-10380
1512
17520
193076
-120
-8904
24504
-4776
960
-840
127972
9840
-3338
-30156
-4608
-54208
36000
3080
43090
-17566
11760
-65301
4476
-13760
4932
4032
17386
71534
-14346
-1080
4320
-2124
16200
-3780
-55384
60546
-43048
12108
-74508
10046
-2804
-5040
-2336
8568
35865
70560
-1600
-39580
-2256
-13384
1176
7560
-240
7044
6048
7400
-6180
15876
72856
18216
-63232
-86256
-2536
-24108
17184
10292
-1266
35424
-37388
6480
-71572
76278
40236
5460
-43200
4734
-5040
2080
-840
1920
-608
5292
-1920
-26892
-1344
3384
-10272
3600
5796
37488
-960
-15360
4362
-3048
-11016
77168
190
-508
35599
-480
928
38472
648
-14584
58660
2400
1560
-57000
28574
51870
1920
2240
27151
-6200
-800
-576
34944
3600
-18174
6480
-7840
-18712
3360
-480
6300
-10080
-4368
-15794
-5880
-4224
-43656
96
-790
-22098
68590
-720
32844
45514
-12856
9094
-39840
-280
33968
4536
-3072
-71628
637
7560
-10260
-22680
32400
-41292
100
48
44444
-5400
280
-2544
-63782
5474
130540
4560
1740
-53078
3780
-236578
-756
1376
14676
-9262
18368
1440
-11004
432
4800
4536
-32316
3360
-10440
-3360
-10312
-4880
-49504
140
4312
1512
-31320
-960
480
22656
-23520
-23096
1260
-1680
-2240
392
-141688
120
83700
-22964
-101020
6048
13392
-47040
18340
432
19632
-17040
-2912
12060
4480
28204
-8640
41040
3120
-96
-255366
27588
13312
-164142
-16200
576
-67556
48
3240
33556
-3360
-1920
46304
-1600
-38072
-10920
-41616
-234562
-5760
-2160
34040
51680
57656
-41664
2100
-362522
48
-108
23114
-5880
8040
-3720
-10080
-3920
3240
8640
55044
-109910
14148
-23340
-1572
1216
-60970
9958
20048
-2408
-45240
8133
-20592
360
1892
6450
-61852
-12790
16320
5784
-5400
-400
9624
-19908
-6144
-4074
-3066
5056
-20160
-51504
-7320
-8400
-10560
-26216
-83828
-14960
480
71820
-17640
-19766
25680
39256
-4116
1224
4800
-38700
-472
5670
27090
-336
-15120
11760
-20160
16800
-21600
35628
-5680
84
-3216
20544
3220
44016
-4150
-41282
-7560
-560
9360
-640
17904
6328
-204
4232
3500
62644
-38880
6712
72428
-6688
23640
-5564
-3200
-3164
-8160
-74940
-48600
-25128
1120
39436
-9852
-3492
1920
3000
-17440
2848
-14560
-3312
-3360
60
20080
-672
-9072
4656
-3324
5040
62906
-3072
-5132
24055
11520
288
11648
-34860
-18304
35076
-864
192
-5040
-46850
2160
-23436
-408
-13580
60196
-43840
-2560
91420
-15120
-3188
16992
21008
-6048
57848
-9968
-108000
-24664
36542
-85172
37800
-1920
-16556
-960
1820
-9720
2560
108732
-13728
960
10800
12016
384
45304
46152
3360
-3528
-1120
1728
-2640
34062
-2160
41268
82184
2160
-5880
9856
-336
5416
8786
-4200
-538
-4480
-1592
14400
-7560
4040
34560
-63860
-504
14700
3780
5040
4176
19740
14760
3840
5832
12096
11520
-7656
-32130
2800
-8736
600
16800
3162
-75608
16848
-5880
-8916
-3888
-36288
-61136
-2800
-1240
2500
1170
2404
18812
23444
-96
-3638
13392
-8120
5160
2400
-28128
4200
-1470
-4212
-2400
29104
-41416
-5104
-2520
12960
2496
-93118
7200
-280
320
69660
55484
600
-21168
-24000
3840
-7560
-41120
5152
38903
768
-4096
-1848
208076
-3360
10560
-16800
8160
-2982
36548
18480
50286
-3584
5600
-23760
43968
8728
-462
-29768
24605
3810
12232
-378
-62544
-360
-37380
-14544
-57158
-3060
-47040
-10560
19296
13518
33928
-8568
-5132
192
8960
1884
-280
96
-58744
-560
4284
-16896
-5040
-8608
-4368
-696
27522
-6180
-888
-96562
3150
-5072
16800
67008
624
38172
13540
1680
32040
59124
3360
-120
-960
-2240
1360
768
-1512
-70928
26880
7680
-1080
32400
-6540
-3712
144
99872
-201288
24828
-25620
-6830
24792
-51204
7560
-29288
-49488
9300
-1356
8640
-540
1400
-360
-5184
47134
40826
5760
-22410
-3284
240
-28984
3744
-30400
-2912
-2392
19080
1960
22092
-29788
-3840
880
6752
25128
-4272
-1320
-19000
-6744
7882
8280
464
-2768
300
-2640
50328
-3472
-7894
300
34920
12096
57400
16740
-800
-148711
-350
-432
-7980
-720
21508
3136
90000
-30968
-4344
-133072
-5868
-90540
6476
41532
-3780
138562
3840
2268
48660
20110
-3144
-1200
490
97920
-528
10832
-840
-5540
-1392
6180
2380
488
-12432
39480
2040
3920
-2424
-2940
-23232
-1512
-11960
-26390
-236
-58764
-7776
-70416
33600
-600
8820
19296
-16656
-224
3232
-138582
-8128
-14746
42312
-22620
31680
-312
-1456
17640
13236
133176
22050
-29160
-288
-159036
2205
-35560
-21804
-5040
5916
-12640
70062
-54920
84550
-4032
-25920
-5300
-15440
-314
-30848
-8400
153972
-20296
-12348
6480
10010
-1680
8200
2112
12978
40320
-240
-840
-15528
21400
-84800
-20208
-14348
-284
-53748
3840
50180
-35689
-13788
840
42626
-78224
80998
-21600
22452
5600
-19970
-63700
-53620
4752
6256
176352
-30628
-3820
-10440
-68138
-700
-27930
-93096
-5803
630
-3384
-20436
-11064
130220
-4480
3924
-45344
-50848
-480
52920
-7736
-5880
-8892
46320
-480
336
-5676
12960
-570
14664
-6600
-9120
-6768
-10764
-4104
-22448
-328954
-30576
6514
-4800
-5980
25552
5880
-64
1320
11760
-25044
-13020
-7280
528
2700
-7140
-51408
-26820
-12774
6300
14232
89676
64000
17808
8160
-1152
-116880
-2760
9738
11032
4980
12660
5760
-600
45840
-432
-2688
1458
864
34951
8112
2592
-10488
-25152
9408
-364
152320
-1440
320
-34860
30288
-24912
-1080
-1200
1200
912
3024
30444
48680
24548
6840
-68460
15948
-16486
34585
8380
-1816
-42462
10680
-4984
43200
-107276
4320
-6736
-24580
-1800
11664
20820
-960
77503
1744
-2400
-40704
960
-30576
-38094
17600
-7200
-16980
2128
-400
900
2400
-49048
3144
3456
9720
-6620
6360
-280
2436
61420
-6912
2622
34696
-36804
640
-1680
2040
-1920
-22968
-20580
54654
-32720
-7840
3000
-280
5186
15504
-80
1470
-144
-1560
50400
-6828
-23712
6398
-5040
-33768
1176
-22974
37100
-6720
-4260
5536
-107733
-196696
-864
-9814
-12264
2560
-420
-30240
1890
1920
10480
18730
-1680
-2100
1340
-3740
-18572
7552
-280
14700
4128
124358
-6360
1440
14084
-1440
-39720
2988
-15040
-496
3360
-80
3240
8000
-11049
40440
-1008
-185382
-9520
-7680
25200
800
-16448
-11190
-1376
-1176
-980
720
37452
8844
18448
-89356
8420
1584
28296
-6230
-7112
-2512
11336
13728
49048
-35232
-6720
-50244
5040
-28425
672
9168
2430
2940
-9520
-3240
-4032
-608
4128
4880
1536
-7242
31462
-160090
-18480
29100
10396
13312
-1400
-4368
79952
16480
29400
-1128
1120
-14656
-10656
-3708
18144
8544
21920
342
2160
240
11676
7968
-3648
-13552
46698
-16852
-50610
11460
9020
13056
-4200
54472
14328
38300
-257384
-432
-2960
4640
1260
3456
-10950
-584
12384
-20447
-1120
-15184
-49666
-57408
-2136
-14760
-8400
400
-20688
-4512
1312
12360
26156
-4992
23856
2700
31330
48
32440
-3168
8808
1200
-4032
12928
3448
21425
-300
448
48404
1470
9090
83244
-1220
5096
5580
-34020
3600
8182
-6396
5376
62258
4949
1560
11960
1512
-6380
-14838
-152519
-1890
-64744
1512
-21908
4724
-4200
672
4032
-3672
1560
14536
12924
-56612
-2520
30870
932
-1120
-1040
-1440
-4200
-93896
800
14096
504
1200
18970
3628
-57664
-24432
-128208
-28600
11088
980
6480
29160
-6720
-3808
-792
-26457
4704
-7380
-1890
-20384
9960
-30388
1952
-200
-500
328
-24300
8512
-2808
49164
-1225
17820
-96
196458
2352
-14400
17324
7680
-1824
2108
-840
1260
-107360
-5760
21958
78580
16576
93924
52446
4200
-11340
25860
1920
-1764
-29760
-4560
-1584
-600
576
30724
-680
380
-4600
-9452
-11864
-852
5520
29116
-23464
4292
5664
-1400
62028
3000
-38681
10116
896
27520
30134
-1680
13398
-4060
-13440
2400
-15400
-160
-2808
-408
76720
100
-12600
44534
6186
-2240
-6504
37348
-4592
2040
-5040
1152
1400
10128
-11760
1024
3528
-5544
2450
-5760
33660
-17976
-3900
1512
43560
5152
-13208
-1680
-20520
980
176
98075
51688
30576
-2240
-6560
-4148
-2240
-224
-388
-19240
30264
24144
-4120
11264
672
34020
-288
-24064
-64150
5550
-77684
-59584
-18340
13200
-240
60120
392
-7968
12548
22680
-1008
30000
256
-39940
-2400
-10200
5210
-14280
-1680
3136
97120
-2900
-16794
-2488
-38016
-14808
-41940
-21520
-624
-784
34297
-17280
31712
34944
-21287
-5600
3960
15264
-6720
-9600
1260
-11340
144
-18456
-58848
12600
792
-13830
-6060
-2848
-1920
58948
65760
-35640
-2320
18292
15120
22680
5152
11092
-600
21080
62574
-100
45220
1288
-900
-2160
4400
-1344
-62650
-960
1764
1680
7920
-4120
-10920
-140
36304
-19620
7560
36544
-2496
-1134
7340
-12774
4320
7680
-6636
-9058
22720
-480
-80816
-1252
30240
-40040
-29832
-9600
11508
-12780
1140
-47376
-1764
-9552
1320
3780
-13440
4320
-2880
-21180
-1344
-2112
-30940
-2592
96
-1356
-1440
3822
2376
5376
9270
-24048
-84570
-7252
-68886
-7732
-840
-100722
3130
12640
-72560
-37784
384
800
-700
7680
-12600
-3456
-6384
-994
3624
-1890
-360
22628
-15632
-3422
-38760
-756
-7440
-84328
-17760
-4320
-11802
2400
-23214
76230
-18160
54302
12544
-840
-27104
15896
3024
24404
96918
-1368
3146
960
-480
-1376
1644
-40800
7832
-13544
90048
15840
1620
-6720
8280
-5544
-592
-58800
-16624
67279
-3848
-16324
-14280
-24584
-15200
81712
-16524
5112
-2400
-13068
8136
-34834
2336
16530
-440
7560
-840
10240
4536
144
21280
33786
3153
-5592
12183
2016
-10192
-3972
336
18504
-184730
20680
1400
48600
-3024
-4776
-78764
-8760
6240
11280
-6118
3024
640
-80804
-19320
82040
-29520
56212
-28800
-5280
19232
1060
2400
7776
59784
-14260
-17835
56116
3680
4992
-74740
-6864
-7756
80858
12800
-2100
12864
29884
2520
-6048
10656
-960
-1116
-3360
1080
20718
-27248
-1400
-47748
-26632
-10930
8400
-2776
-9720
4662
-4960
-26986
-6432
3384
25568
-14640
-34314
1176
-600
-384
-2160
-1824
11712
-2400
8582
5376
2148
22848
1856
130414
19260
-4200
50154
6696
1344
7260
-56700
-5400
15800
92
10080
6300
1944
9520
1428
1264
1080
-7032
-51760
1200
25836
20036
840
-93360
5344
15480
-6072
-11900
-25232
27825
109674
3536
-5824
720
-44616
96
13200
-2968
1728
-29930
22495
-6300
30080
-2880
-28772
-16500
-89968
1104
19464
6720
-12960
42720
-28272
-36936
-5880
-80
-6440
-17496
-24300
-4200
-5288
-5120
-98764
-1080
-6300
47568
11760
-51752
17080
-36798
-10708
-64800
11952
384
60
37800
-72520
-1628
-61684
-10290
-108214
2748
-6480
-5688
-10664
17348
110371
-70756
17280
4008
42840
-4724
-220996
96
-1120
12720
-5720
10948
-5400
1024
-1960
384
600
-512
1920
108785
-11890
1440
55144
-80797
-14400
27756
-112836
2576
1680
-1752
51216
-43162
-16620
-3052
57482
-62676
-3200
-64226
-23222
24360
-4480
-1540
-14880
60384
-448
77400
-25704
2720
4760
-54334
-7560
-65
-2736
11028
33840
1224
-15748
3216
7120
-52608
-42408
-280
-948
10680
5468
5264
-656
-9720
11664
-2160
-4320
14644
22260
19800
-672
-4824
-65168
-27516
-14512
-5600
1440
-1680
-15068
7984
29844
-1080
-24098
-8470
9636
-21252
30528
-6638
700
1056
115354
2464
10800
264
53472
26586
240
-58680
2856
3040
490
8448
-600
-16320
4908
5652
-7776
5722
-5538
-576
89358
-1400
-48
32472
-864
93502
29812
165322
9000
2160
-92846
1664
-504
-37030
7152
-600
-3360
46320
2204
-27762
336
9096
26480
-12960
-32970
840
-8040
-5976
600
-568
-480
3766
82640
-5880
-7560
-97888
-13548
22440
-1392
-912
-38472
150
-420
13608
9320
2548
-960
6000
-300
9960
-75766
-1728
-12504
4200
-13440
6000
504
-2240
5208
2400
15616
840
-55348
144
-17196
27924
-10560
-4680
3840
4992
1992
-1014
-32212
2532
6048
8040
-396
5960
216
82620
25872
-10290
-4968
-44040
-3780
-16440
1944
-700
560
-12280
15660
-1764
3840
-7020
-22680
-5448
-62643
2400
-35490
-6816
-15120
-2916
41252
66621
2940
-1120
-55744
-29948
-24360
9814
-64196
2592
-2088
14851
67330
2112
-7328
18900
2200
4760
9120
-10478
350
-5040
-9600
-1488
-8448
14555
33622
12320
-2832
47340
241272
1680
2520
9310
43920
8400
-86576
117978
-2400
22870
-6720
4900
9952
12674
12904
-1680
-13414
-4670
-3240
20066
2320
-16800
14768
-24192
21970
-6872
-41988
21600
4616
78984
-4352
32400
12840
2472
8640
6224
-99942
-696
-12892
1274
-14168
35240
11522
-1320
-36
-11760
-21720
-25872
14224
14556
4410
240
-40924
4480
-21217
76620
-1060
12320
-33456
-49920
2940
19361
-9240
-4158
113094
116950
3120
38000
48600
7560
-840
-1680
28052
6120
-18864
-5400
-6720
-2600
3840
420
38676
7392
15680
45612
44044
7872
-20160
-8640
2280
-240
15340
30576
1612
6196
1540
-8800
104602
-3150
6432
-48600
8570
13504
-2808
-108620
-9720
-13670
13804
-13930
9888
-768
-7930
7308
10880
-1988
1680
58976
-76816
-22820
29952
-2160
8960
-8928
-30480
28344
-2520
17576
15480
-39690
-960
304
3168
-1664
-37350
22764
4200
70800
-540
5280
4440
15900
9455
7056
-1764
-50304
18088
6840
-2880
-1680
-61350
-1568
-21600
17998
18672
11160
20408
180
6016
-99393
59870
-490
-48032
-1248
-1176
-60464
120
-53520
-19500
2752
-1320
25694
30600
77400
11556
-1440
56080
-25908
180703
5360
-192
7014
-21768
336
4320
576
1680
-7840
11840
-13592
-6720
-708
4320
-4520
5400
-28718
-4320
4320
4368
13512
-18612
640
37200
-11200
62280
5400
10500
-1232
12960
-70236
-1392
-8820
-384
-19600
-11446
816
-74880
-1400
-6048
-64536
22680
-3056
-4032
17096
47145
-28080
5724
71512
1820
2700
-32022
-46548
14400
-31488
-3240
-18964
-11884
-184080
48
22680
25760
7532
16020
7800
-2640
-648
-10950
504
22050
-18624
65396
-10040
10080
29868
-26846
-384
17200
-4764
2508
18254
6240
-48858
10800
-57480
-280
-24150
2724
22588
35580
74100
-43484
5180
-5674
13898
-1050
-3048
-528
-4224
480
2940
36650
-5040
-32
17640
32996
-42114
768
89950
-79268
-20280
-420
4530
7560
20388
-63640
19336
-49168
21200
8384
1224
28070
-5400
-9180
-38860
-127830
13608
490
-12440
3600
1536
4398
-122270
31852
-1120
-31260
23520
7588
192
-11856
7320
14280
22560
2500
5600
-12096
432
-8640
5160
-288
5672
-147012
-11900
720
-7040
-27804
6962
120
4320
103500
-158
3430
672
-2520
400
5688
-18120
-2256
-18350
-432
-52148
1728
12816
-4164
5670
122054
-46048
-720
-55083
-7200
-13312
32
-25200
13992
-432
79300
840
8960
-4620
5848
12954
4800
44104
6480
-54710
-52390
1208
20160
13150
-18456
12096
-45486
-9880
-5400
24532
-792
-5548
-4264
4074
-290
7080
168
-12516
5928
1600
2080
-100
-7854
-768
10080
5100
-5760
-17820
1248
-1932
-1320
15610
3744
24
15120
2684
-8400
19930
5352
-31388
-1656
-38596
-7576
46524
-23520
3240
12960
60
-30000
8400
1400
-41580
-2520
-37904
-280
-74480
9160
-6132
-2880
6384
-1408
-6636
-28800
-2160
-3668
1344
-47014
-109419
4200
-12040
34794
169886
87272
17424
17280
-22178
2520
24080
-7280
-15708
-688
16920
-1872
610
-1840
480
5040
-5940
8232
-240
-2304
-85180
-120
2880
4564
4272
960
83124
-3624
868
-800
30328
3480
16304
2680
-149202
-15888
8774
672
32902
2240
75836
-480
5920
8040
-58680
-376
46392
-52312
-1400
8640
-8640
-33872
3720
5136
-81856
-16754
-18900
-57413
-2716
-108016
-5950
3102
-26220
10200
5814
-37388
17640
1356
30960
35924
-14280
896
1680
1512
-964
-2784
19800
358
840
17920
71730
-3360
30992
13860
8520
-12536
-12320
2450
-5016
-201984
23560
2520
-20412
3528
-4900
-69960
-9616
-1680
600
9024
11200
2880
-120822
12672
-4176
57327
-11648
3024
-28800
8520
-6272
-9120
-1960
63940
-55760
-16576
1984
-46200
-6948
-11760
-5888
1364
-10696
-32
-12760
960
11340
49472
11340
-480
-22668
-4200
-3072
-28416
37716
1456
-6720
37800
-6480
-2240
1620
9202
25616
-800
5212
70056
-21070
-448
3408
-38878
3840
13608
3888
31070
-37142
-5424
9892
4974
8640
-6264
38032
-20282
288
-2160
2160
640
30340
-63898
-26880
-6912
-2112
-978
13440
506
17328
-57078
-8940
19204
16408
-47132
11360
2688
-39672
-1680
8880
6984
-8872
-840
-3840
6960
-11880
-31920
-240
12282
109612
2940
3420
-22128
-5880
2040
-5040
-384
10860
21600
-32040
-17376
-2240
1008
4848
-6664
-110664
-86087
5400
7680
-21972
-5110
8820
9600
33840
-12420
-2380
96
-62584
44380
7812
864
600
7260
-540
-1040
101520
-172
-1788
23520
5544
-54655
-29160
-560
20460
-7560
36
18720
71632
-9120
-840
-14712
-14315
-4200
-12460
-1832
-1120
4608
60852
-1260
-352
7800
-11476
2940
144
-7812
144
6960
8820
-2160
46124
-6720
-504
756
30168
14940
-1752
20649
-37010
12960
-84822
-280
102
9576
3560
20210
-147560
8820
10800
18120
-1456
12782
31384
40514
31164
-12320
62271
12180
192
-2536
-10080
7784
-8449
-7475
-2100
-610
16800
92424
57450
-1488
-53928
-69160
-44280
-576
-6200
-8400
-110
-40
-14020
-27076
27296
14560
-13024
2160
-60
7406
3430
20220
-7330
-44300
7064
-23940
-960
-864
-5880
-6685
-24232
-16
4992
1260
68560
-980
-16940
-288
-20296
8900
12392
16472
-1470
-1008
-680
1380
21816
-31008
-37696
5830
-12760
1008
432
18900
17276
360
51792
-2880
1400
2880
-8160
-240
4848
19520
-2400
-1896
-65730
24420
864
71932
2272
-5400
-10320
-16776
16682
47796
5112
-19690
-39936
3536
-46186
52080
-840
-1080
-37560
-3760
-2240
1440
-3640
2184
-10024
-2592
14800
6840
-20188
-10800
19088
360
8280
1680
-3268
-9600
75308
-8340
-48060
-64414
-840
-1560
-9556
-2940
60
-8394
4128
-21000
-3472
-2400
-1180
-4116
1408
-1272
19440
-4648
-6048
-280
-6452
-240
-56556
72
-40
-2808
75908
-5040
720
39372
-5496
-3548
-14500
4312
9990
800
18900
12600
-25632
-1120
-2110
3600
15960
-2520
-13680
-14700
35280
-2816
-20748
-960
2104
73728
-245
11070
34020
21900
-13760
-73862
1344
1764
23208
57022
36260
29120
41936
19556
-28531
-3718
-2160
83660
840
26880
-52780
15600
-400
7560
408
-26172
24696
-192
-30870
-17094
-9284
24196
-2870
-2240
-3168
-11256
26852
696
-720
1400
-9488
-51206
4952
2640
19068
-1728
1520
-18526
57666
-3360
-139135
-12024
-400
-600
-75519
-19676
3000
-6696
-14196
-6384
-2800
25560
-6972
3780
-3840
-4304
-5264
71904
-27840
-81466
-940
82132
-432
5496
-16526
-10584
63040
28885
528
3024
-7080
-21984
1764
-8408
-19736
-11304
-45856
480
-49400
-11874
20196
5600
-53808
7680
-5200
-2014
1008
51056
-3430
1824
133266
-7875
46480
2240
17010
11912
980
-180
-7100
3150
-6720
-23940
131512
-5184
-480
400
-10062
-48600
-5120
1952
61692
-27520
28462
1980
-71160
11040
-5520
26882
-12170
-12420
9204
-51450
-25572
13194
10352
8640
-17828
-9824
3328
-39360
7680
1688
-7896
-5536
-1940
-5232
2736
-2828
91210
-120
-89448
3024
-2160
-2800
-57686
31760
-18220
332
-912
93540
-60
-4320
1752
-6888
-100484
31008
11574
32400
-5408
-54640
-22410
2616
3360
490
1960
-40376
322
-37876
-1440
-2800
-9720
-12600
-120
-186466
-2700
-3580
70624
5040
34888
-15120
600
-14240
-336
-22824
-57269
-3504
-34508
44760
1600
-7140
500
-2256
-1400
30852
-21560
2016
88838
7716
-134820
-56508
5400
39440
-360
18546
5148
-14840
256
-1308
-83940
29160
-20580
58168
560
4480
5568
1120
-14400
3640
7000
-192
21602
15240
-28350
-120
2400
-800
-17976
7920
63918
20800
24300
7424
106704
-80644
18720
19584
-4800
-1260
-11583
13436
-2790
-8624
81864
12880
-69562
-2080
16
6480
-3904
19404
-18396
-2112
-1260
-1908
864
13680
-20790
768
-288
-2460
36056
920
29260
94800
-10804
72
9888
-6456
15110
-67478
48300
13512
2750
27072
9840
-36332
36480
1680
-16848
-7316
-168
4032
24556
-17708
25354
-80
-78998
7320
8960
-27120
18428
-25480
-9280
-3648
-57762
980
5410
60
-15360
2856
-57858
5718
4320
-11264
-1240
2352
37440
-44
18900
-360
-18480
3276
112170
4032
23280
3600
26460
60
58552
9400
27440
-5740
272
2280
4812
-870
17708
-2660
-137038
-22884
6238
640
-3896
-11200
-22540
9716
-12740
1440
21660
15272
13860
-1680
-9216
3960
-1470
-39954
-21672
160
-5736
-4320
-7680
-57312
-6320
-52868
22814
-2160
-8448
-1824
-51100
-56393
-34560
36648
858
320
-25260
4284
43050
-13440
1440
-2464
504
-35000
71660
-1280
-4550
-37800
-38374
3072
29484
-69048
3360
5184
-1296
-57910
-48068
-600
7528
4236
-4160
136738
-100
3822
-280
11160
640
-360
-1920
48462
6160
27640
-10480
9860
23832
-1200
-10068
-6480
-7082
30952
96
8148
119086
12240
-2786
-9030
-8318
-40
-12040
-5568
-9920
3948
-24300
8520
-77040
-23520
-18060
-44760
3780
20236
1190
-7568
8916
-1440
-34020
2956
7290
-2640
-24048
3600
12060
2016
6132
4752
-7624
3528
-17880
-7840
-7374
-27420
-134610
41252
-684
-2100
1280
33600
-6240
-39984
-5376
9984
-5280
36368
-1752
9484
2208
5040
-4080
-144
-6048
-40444
-3492
36918
-5040
6688
3434
-1880
8820
-6720
-20640
-6912
3840
-5030
9296
58080
-76370
36330
-600
120
71072
1152
6048
-5016
-96
5400
-696
23800
13120
-1960
-7920
46800
-38600
-12330
8120
-8308
1048
7560
-60842
-13075
21280
-980
4320
-2016
-1120
-2160
-48168
-18924
-6240
-22050
17172
28204
-2408
-20220
-26148
76680
3840
-44340
8062
-20136
-5496
17676
-6080
5880
3920
44440
-14700
-1340
-53312
3616
-65020
-48640
48600
17820
-926
1184
440
960
32124
-106424
30240
-4704
-7116
11100
8960
-17948
-800
3600
-1728
-5124
13724
2688
-86594
-80
-5880
1140
19402
1020
-19904
30086
1848
-4920
37322
4536
11664
-7200
46912
480
1260
-11900
2520
-91620
33302
-29022
1680
9984
-25200
-4320
384
-16680
57070
-4560
2592
-4064
-42112
-34580
-1836
-92728
1408
66080
20096
2160
-9256
5840
-4580
17712
6840
552
31296
6560
25424
1620
7080
4032
-11940
22824
-58224
-4104
10080
5436
16200
-288
3360
-3840
-1960
-304
12268
-70350
-18900
-112
-420
-46830
-3360
-7440
13510
73000
-1680
82880
34848
-1344
-62892
-11088
-6400
-7872
3660
68428
24064
1080
-4080
-2296
13996
-14256
8245
-6860
1176
70596
12864
3480
768
28320
2052
39622
3300
-64680
-17820
4480
-4800
-36816
23920
-24468
5760
-12176
-64924
-3600
-9434
8550
15370
3600
384
5184
-3780
-30870
-13500
-40137
-3920
-5400
-2864
-214876
3160
9720
50368
24156
1920
-10694
-1834
25200
8136
5040
36960
1080
-6562
5400
21520
540
6600
136993
-144
-9520
-11340
9060
960
11580
-8036
-6440
-27528
10360
-18900
34944
7440
-5272
-4416
-39690
10240
-33720
1080
-10496
-34810
-11760
-46832
1720
-31696
-20160
-4800
-35004
-2880
-65693
54360
10352
-6480
-80968
5828
24570
3024
-15204
-9660
-152
16632
-5630
25500
2848
16128
24744
82108
15160
-144
-5282
19649
-3150
-116
24346
-1400
1440
2990
1440
-98938
3840
-9696
-11936
-1440
18900
31120
-4656
8640
-84
432
-28720
-17640
816
-14112
-28000
-670
-18082
9980
11232
-1960
6840
36552
432
-7968
-8000
-39120
1080
9990
18064
1512
-8704
9900
-44300
-12642
26340
-672
31620
-15684
12480
-63000
240
24720
-1183
74144
-7200
-3360
1020
280
-540
-3200
6252
-48976
3630
10616
-2160
-2196
3780
-1112
9456
-66062
35722
-1856
5376
-24852
16608
7800
336
-1120
480
7800
-864
1344
3168
-33410
6048
-7840
2980
-66403
-4320
-16440
-14112
4800
95408
13104
24192
13836
-40040
-30480
26076
-38232
72528
4032
-106444
-1080
19806
-86702
1080
-320
-120
-9000
4800
9576
-7200
-12888
-192
-8520
720
-2800
-640
24528
25122
-720
2940
25266
66988
-6024
-21684
-38094
3808
-2256
20580
19440
23112
-17124
-2450
21180
3780
-27672
5880
22560
33600
-1400
33768
-1600
-58422
1240
9664
3840
12856
49176
-4800
17280
61144
34650
-1512
20748
-86032
-7960
41720
-12980
8848
-6300
-35874
-300
26880
-2472
-10948
-23800
-480
-2800
1200
115360
7560
-7080
23800
5400
-7824
-3024
-5400
-7560
-120
1980
11344
4536
-48720
1344
9984
-3480
-2688
62
-25328
21568
24000
6538
-5040
75879
-12400
-16520
-29050
-86996
-21496
-3240
-88422
-8880
504
-1920
-15840
5880
-384
-39400
14720
-53740
2160
-13760
30240
-316
5976
2670
12384
1152
65978
-3600
10332
-48
32844
-57600
8736
8892
-45872
9480
-45600
-5760
-21664
54000
-8904
-23182
-1890
4926
-2720
-44932
-120
3240
13980
-9708
5600
16716
1728
6608
26004
-17232
-5238
32872
-8400
49920
9376
48600
-2912
-5600
16404
-28120
-1960
345
26040
47260
-21492
-5040
480
5352
-1892
-7040
108904
-4320
5376
-1200
-10804
7776
-2568
24948
4224
-5400
-288
-17320
68944
-38920
23652
148710
16786
-5280
-70168
-7248
-46512
24792
-10368
-27160
1680
20320
10080
-9744
-95748
-6336
600
-11718
-18900
1600
1456
-1080
-3960
-29896
-24656
-6720
-15104
-3600
-3190
31344
-21770
-1436
2008
-30660
2520
-8544
-3840
1644
25920
18892
-6240
3024
4320
28728
1008
83113
-186
-37800
23296
-11088
-2016
-560
31330
3360
18468
-672
-20874
-2520
-9120
1004
50540
-5124
-1008
-1080
18710
-20040
22912
-10080
4620
-73576
720
7350
-18312
10080
36936
-15600
-600
146212
-20580
-3920
-4344
32608
-3360
14040
-5566
-3120
28144
4704
1068
28476
35224
-35556
-7932
113450
-1152
540
-12436
2124
-11600
21144
-9103
-32328
-784
-39745
-600
60192
160
3840
-33116
-66240
420
40680
-5760
-1458
12420
-528
-72122
-2520
-2208
-30600
-7872
-9528
20748
-7910
3500
6300
-4860
-1008
-2100
-4928
-14700
